tanggal;kum_meninggal;kum_sembuh;kum_dirawat;kum_positif;harian_meninggal;harian_sembuh;harian_dirawat;harian_positif
03/01/2020;0;0;0;0;0;0;0;0
03/02/2020;0;0;2;2;0;0;2;2
03/03/2020;0;0;2;2;0;0;0;0
03/04/2020;0;0;2;2;0;0;0;0
03/05/2020;0;0;2;2;0;0;0;0
03/06/2020;0;0;4;4;0;0;2;2
03/07/2020;0;0;4;4;0;0;0;0
03/08/2020;0;0;6;6;0;0;2;2
03/09/2020;0;0;19;19;0;0;13;13
03/10/2020;0;2;25;27;0;2;6;8
03/11/2020;1;2;31;34;1;0;6;7
03/12/2020;1;2;31;34;0;0;0;0
03/13/2020;4;2;63;69;3;0;32;35
03/14/2020;5;8;83;96;1;6;20;27
03/15/2020;5;8;104;117;0;0;21;21
03/16/2020;5;8;121;134;0;0;17;17
03/17/2020;5;9;158;172;0;1;37;38
03/18/2020;19;11;197;227;14;2;39;55
03/19/2020;25;15;269;309;6;4;72;82
03/20/2020;32;17;320;369;7;2;51;60
03/21/2020;38;20;392;450;6;3;72;81
03/22/2020;48;29;437;514;10;9;45;64
03/23/2020;49;30;500;579;1;1;63;65
03/24/2020;55;30;601;686;6;0;101;107
03/25/2020;58;31;701;790;3;1;100;104
03/26/2020;78;35;780;893;20;4;79;103
03/27/2020;87;46;913;1046;9;11;133;153
03/28/2020;102;59;994;1155;15;13;81;109
03/29/2020;114;64;1107;1285;12;5;113;130
03/30/2020;122;75;1217;1414;8;11;110;129
03/31/2020;136;81;1311;1528;14;6;94;114
04/01/2020;157;103;1417;1677;21;22;106;149
04/02/2020;170;112;1508;1790;13;9;91;113
04/03/2020;181;134;1671;1986;11;22;163;196
04/04/2020;191;150;1751;2092;10;16;80;106
04/05/2020;198;164;1911;2273;7;14;160;181
04/06/2020;209;192;2090;2491;11;28;179;218
04/07/2020;221;204;2313;2738;12;12;223;247
04/08/2020;240;222;2494;2956;19;18;181;218
04/09/2020;280;252;2761;3293;40;30;267;337
04/10/2020;306;282;2924;3512;26;30;163;219
04/11/2020;327;286;3229;3842;21;4;305;330
04/12/2020;373;359;3509;4241;46;73;280;399
04/13/2020;399;380;3778;4557;26;21;269;316
04/14/2020;459;426;3954;4839;60;46;176;282
04/15/2020;469;446;4221;5136;10;20;267;297
04/16/2020;496;548;4472;5516;27;102;251;380
04/17/2020;520;607;4796;5923;24;59;324;407
04/18/2020;535;631;5082;6248;15;24;286;325
04/19/2020;582;686;5307;6575;47;55;225;327
04/20/2020;590;747;5423;6760;8;61;116;185
04/21/2020;616;842;5677;7135;26;95;254;375
04/22/2020;635;913;5870;7418;19;71;193;283
04/23/2020;647;960;6168;7775;12;47;298;357
04/24/2020;689;1002;6520;8211;42;42;352;436
04/25/2020;720;1042;6845;8607;31;40;325;396
04/26/2020;743;1107;7032;8882;23;65;187;275
04/27/2020;765;1151;7180;9096;22;44;148;214
04/28/2020;773;1254;7484;9511;8;103;304;415
04/29/2020;784;1391;7596;9771;11;137;112;260
04/30/2020;792;1522;7804;10118;8;131;208;347
05/01/2020;800;1591;8160;10551;8;69;356;433
05/02/2020;831;1665;8347;10843;31;74;187;292
05/03/2020;845;1876;8471;11192;14;211;124;349
05/04/2020;864;1954;8769;11587;19;78;298;395
05/05/2020;872;2197;9002;12071;8;243;233;484
05/06/2020;895;2317;9226;12438;23;120;224;367
05/07/2020;930;2381;9465;12776;35;64;239;338
05/08/2020;943;2494;9675;13112;13;113;210;336
05/09/2020;959;2607;10079;13645;16;113;404;533
05/10/2020;973;2698;10361;14032;14;91;282;387
05/11/2020;991;2881;10393;14265;18;183;32;233
05/12/2020;1007;3063;10679;14749;16;182;286;484
05/13/2020;1028;3287;11123;15438;21;224;444;689
05/14/2020;1043;3518;11445;16006;15;231;322;568
05/15/2020;1076;3803;11617;16496;33;285;172;490
05/16/2020;1089;3911;12025;17025;13;108;408;529
05/17/2020;1148;4129;12237;17514;59;218;212;489
05/18/2020;1191;4324;12495;18010;43;195;258;496
05/19/2020;1221;4467;12808;18496;30;143;313;486
05/20/2020;1242;4575;13372;19189;21;108;564;693
05/21/2020;1278;4838;14046;20162;36;263;674;973
05/22/2020;1326;5057;14413;20796;48;219;367;634
05/23/2020;1351;5249;15145;21745;25;192;732;949
05/24/2020;1372;5402;15497;22271;21;153;352;526
05/25/2020;1391;5642;15717;22750;19;240;220;479
05/26/2020;1418;5877;15870;23165;27;235;153;415
05/27/2020;1473;6057;16321;23851;55;180;451;686
05/28/2020;1496;6240;16802;24538;23;183;481;687
05/29/2020;1520;6492;17204;25216;24;252;402;678
05/30/2020;1573;7015;17185;25773;53;523;-19;557
05/31/2020;1613;7308;17552;26473;40;293;367;700
06/01/2020;1641;7637;17662;26940;28;329;110;467
06/02/2020;1663;7935;17951;27549;22;298;289;609
06/03/2020;1698;8406;18129;28233;35;471;178;684
06/04/2020;1721;8892;18205;28818;23;486;76;585
06/05/2020;1770;9443;18308;29521;49;551;103;703
06/06/2020;1801;9907;18806;30514;31;464;498;993
06/07/2020;1851;10498;18837;31186;50;591;31;672
06/08/2020;1883;10904;19246;32033;32;406;409;847
06/09/2020;1923;11414;19739;33076;40;510;493;1043
06/10/2020;1959;12129;20228;34316;36;715;489;1240
06/11/2020;2000;12636;20659;35295;41;507;431;979
06/12/2020;2048;13213;21145;36406;48;577;486;1111
06/13/2020;2091;13776;21553;37420;43;563;408;1014
06/14/2020;2134;14531;21612;38277;43;755;59;857
06/15/2020;2198;15123;21973;39294;64;592;361;1017
06/16/2020;2231;15703;22466;40400;33;580;493;1106
06/17/2020;2276;16243;22912;41431;45;540;446;1031
06/18/2020;2339;16798;23625;42762;63;555;713;1331
06/19/2020;2373;17349;24081;43803;34;551;456;1041
06/20/2020;2429;17883;24717;45029;56;534;636;1226
06/21/2020;2465;18404;25022;45891;36;521;305;862
06/22/2020;2500;18735;25610;46845;35;331;588;954
06/23/2020;2535;19241;26120;47896;35;506;510;1051
06/24/2020;2573;19658;26778;49009;38;417;658;1113
06/25/2020;2620;20449;27118;50187;47;791;340;1178
06/26/2020;2683;21333;27411;51427;63;884;293;1240
06/27/2020;2720;21909;28183;52812;37;576;772;1385
06/28/2020;2754;22936;28320;54010;34;1027;137;1198
06/29/2020;2805;23800;28487;55092;51;864;167;1082
06/30/2020;2876;24806;28703;56385;71;1006;216;1293
07/01/2020;2934;25595;29241;57770;58;789;538;1385
07/02/2020;2987;26667;29740;59394;53;1072;499;1624
07/03/2020;3036;27568;30091;60695;49;901;351;1301
07/04/2020;3089;28219;30834;62142;53;651;743;1447
07/05/2020;3171;29105;31473;63749;82;886;639;1607
07/06/2020;3241;29919;31798;64958;70;814;325;1209
07/07/2020;3309;30785;32132;66226;68;866;334;1268
07/08/2020;3359;31585;33135;68079;50;800;1003;1853
07/09/2020;3417;32651;34668;70736;58;1066;1533;2657
07/10/2020;3469;33529;35349;72347;52;878;681;1611
07/11/2020;3535;34719;35764;74018;66;1190;415;1671
07/12/2020;3606;35638;36455;75699;71;919;691;1681
07/13/2020;3656;36689;36636;76981;50;1051;181;1282
07/14/2020;3710;37636;37226;78572;54;947;590;1591
07/15/2020;3797;39050;37247;80094;87;1414;21;1522
07/16/2020;3873;40345;37450;81668;76;1295;203;1574
07/17/2020;3957;41834;37339;83130;84;1489;-111;1462
07/18/2020;4016;43268;37598;84882;59;1434;259;1752
07/19/2020;4143;45401;36977;86521;127;2133;-621;1639
07/20/2020;4239;46977;36998;88214;96;1576;21;1693
07/21/2020;4320;48466;37083;89869;81;1489;85;1655
07/22/2020;4459;50255;37037;91751;139;1789;-46;1882
07/23/2020;4576;52164;36917;93657;117;1909;-120;1906
07/24/2020;4665;53945;36808;95418;89;1781;-109;1761
07/25/2020;4714;55354;37218;97286;49;1409;410;1868
07/26/2020;4781;56655;37342;98778;67;1301;124;1492
07/27/2020;4838;58173;37292;100303;57;1518;-50;1525
07/28/2020;4901;60539;36611;102051;63;2366;-681;1748
07/29/2020;4975;62138;37319;104432;74;1599;708;2381
07/30/2020;5058;64292;36986;106336;83;2154;-333;1904
07/31/2020;5131;65907;37338;108376;73;1615;352;2040
08/01/2020;5193;67919;36824;109936;62;2012;-514;1560
08/02/2020;5236;68975;37244;111455;43;1056;420;1519
08/03/2020;5302;70237;37595;113134;66;1262;351;1679
08/04/2020;5388;72050;37618;115056;86;1813;23;1922
08/05/2020;5452;73889;37530;116871;64;1839;-88;1815
08/06/2020;5521;75645;37587;118753;69;1756;57;1882
08/07/2020;5593;77557;38076;121226;72;1912;489;2473
08/08/2020;5658;79306;38539;123503;65;1749;463;2277
08/09/2020;5723;80952;38721;125396;65;1646;182;1893
08/10/2020;5765;82236;39082;127083;42;1284;361;1687
08/11/2020;5824;83710;39242;128776;59;1474;160;1693
08/12/2020;5903;85798;39017;130718;79;2088;-225;1942
08/13/2020;5968;87558;39290;132816;65;1760;273;2098
08/14/2020;6021;89618;39484;135123;53;2060;194;2307
08/15/2020;6071;91321;40076;137468;50;1703;592;2345
08/16/2020;6150;93103;40296;139549;79;1782;220;2081
08/17/2020;6207;94458;40705;141370;57;1355;409;1821
08/18/2020;6277;96306;40460;143043;70;1848;-245;1673
08/19/2020;6346;98657;39942;144945;69;2351;-518;1902
08/20/2020;6418;100674;40119;147211;72;2017;177;2266
08/21/2020;6500;102991;39917;149408;82;2317;-202;2197
08/22/2020;6594;105198;39706;151498;94;2207;-211;2090
08/23/2020;6680;107500;39355;153535;86;2302;-351;2037
08/24/2020;6759;111060;37593;155412;79;3560;-1762;1877
08/25/2020;6858;112867;38134;157859;99;1807;541;2447
08/26/2020;6944;115409;37812;160165;86;2542;-322;2306
08/27/2020;7064;118575;37245;162884;120;3166;-567;2719
08/28/2020;7169;120900;37818;165887;105;2325;573;3003
08/29/2020;7261;122802;39132;169195;92;1902;1314;3308
08/30/2020;7343;124185;40525;172053;82;1383;1393;2858
08/31/2020;7417;125959;41420;174796;74;1774;895;2743
09/01/2020;7505;128057;42009;177571;88;2098;589;2775
09/02/2020;7616;129971;43059;180646;111;1914;1050;3075
09/03/2020;7750;132055;44463;184268;134;2084;1404;3622
09/04/2020;7832;134181;45524;187537;82;2126;1061;3269
09/05/2020;7940;136401;46324;190665;108;2220;800;3128
09/06/2020;8025;138575;47509;194109;85;2174;1185;3444
09/07/2020;8130;140652;48207;196989;105;2077;698;2880
09/08/2020;8230;142958;48847;200035;100;2306;640;3046
09/09/2020;8336;145200;49806;203342;106;2242;959;3307
09/10/2020;8456;147510;51237;207203;120;2310;1431;3861
09/11/2020;8544;150217;52179;210940;88;2707;942;3737
09/12/2020;8650;152458;53638;214746;106;2241;1459;3806
09/13/2020;8723;155010;54649;218382;73;2552;1011;3636
09/14/2020;8841;158405;54277;221523;118;3395;-372;3141
09/15/2020;8965;161065;55000;225030;124;2660;723;3507
09/16/2020;9100;164101;55792;228993;135;3036;792;3963
09/17/2020;9222;166686;56720;232628;122;2585;928;3635
09/18/2020;9336;170774;56409;236519;114;4088;-311;3891
09/19/2020;9448;174350;56889;240687;112;3576;480;4168
09/20/2020;9553;177327;57796;244676;105;2977;907;3989
09/21/2020;9677;180797;58378;248852;124;3470;582;4176
09/22/2020;9837;184298;58788;252923;160;3501;410;4071
09/23/2020;9977;187958;59453;257388;140;3660;665;4465
09/24/2020;10105;191853;60064;262022;128;3895;611;4634
09/25/2020;10218;196196;60431;266845;113;4343;367;4823
09/26/2020;10308;199403;61628;271339;90;3207;1197;4494
09/27/2020;10386;203014;61813;275213;78;3611;185;3874
09/28/2020;10473;206870;61379;278722;87;3856;-434;3509
09/29/2020;10601;210437;61686;282724;128;3567;307;4002
09/30/2020;10740;214947;61321;287008;139;4510;-365;4284
01/10/2020;10856;218487;61839;291182;116;3540;518;4174
02/10/2020;10972;221340;63187;295499;116;2853;1348;4317
03/10/2020;11055;225052;63399;299506;83;3712;212;4007
04/10/2020;11151;228453;63894;303498;96;3401;495;3992
05/10/2020;11253;232593;63274;307120;102;4140;-620;3622
06/10/2020;11374;236437;63365;311176;121;3844;91;4056
07/10/2020;11472;240291;63951;315714;98;3854;586;4538
08/10/2020;11580;244060;64924;320564;108;3769;973;4850
09/10/2020;11677;247667;65314;324658;97;3607;390;4094
10/10/2020;11765;251481;65706;328952;88;3814;392;4294
11/10/2020;11844;255027;66578;333449;79;3546;872;4497
12/10/2020;11935;258519;66262;336716;91;3492;-316;3267
13/10/2020;12027;263296;65299;340622;92;4777;-963;3906
14/10/2020;12156;267851;64742;344749;129;4555;-557;4127
15/10/2020;12268;273661;63231;349160;112;5810;-1511;4411
16/10/2020;12347;277544;63570;353461;79;3883;339;4301
17/10/2020;12431;281592;63739;357762;84;4048;169;4301
18/10/2020;12511;285324;64032;361867;80;3732;293;4105
19/10/2020;12617;289243;63380;365240;106;3919;-652;3373
20/10/2020;12734;293653;62455;368842;117;4410;-925;3602
21/10/2020;12857;297509;62743;373109;123;3856;288;4267
22/10/2020;12959;301006;63576;377541;102;3497;833;4432
23/10/2020;13077;305100;63733;381910;118;4094;157;4369
24/10/2020;13205;309219;63556;385980;128;4119;-177;4070
25/10/2020;13299;313764;62649;389712;94;4545;-907;3732
26/10/2020;13411;317672;61851;392934;112;3908;-798;3222
27/10/2020;13512;322248;60694;396454;101;4576;-1157;3520
28/10/2020;13612;325793;61078;400483;100;3545;384;4029
29/10/2020;13701;329778;60569;404048;89;3985;-509;3565
30/10/2020;13782;334295;58868;406945;81;4517;-1701;2897
31/10/2020;13869;337801;58418;410088;87;3506;-450;3143
01/11/2020;13943;341942;56899;412784;74;4141;-1519;2696
02/11/2020;14044;345566;55792;415402;101;3624;-1107;2618
03/11/2020;14146;349497;54732;418375;102;3931;-1060;2973
04/11/2020;14259;353282;54190;421731;113;3785;-542;3356
05/11/2020;14348;357142;54306;425796;89;3860;116;4065
06/11/2020;14442;360705;54427;429574;94;3563;121;3778
07/11/2020;14540;364417;54879;433836;98;3712;452;4262
08/11/2020;14614;368298;54804;437716;74;3881;-75;3880
09/11/2020;14689;372266;53614;440569;75;3968;-1190;2853
10/11/2020;14761;375741;53846;444348;72;3475;232;3779
11/11/2020;14836;378982;54300;448118;75;3241;454;3770
12/11/2020;14933;382084;55274;452291;97;3102;974;4173
13/11/2020;15037;385094;57604;457735;104;3010;2330;5444
14/11/2020;15148;388094;59765;463007;111;3000;2161;5272
15/11/2020;15211;391991;59911;467113;63;3897;146;4106
16/11/2020;15296;395443;59909;470648;85;3452;-2;3535
17/11/2020;15393;398636;60426;474455;97;3193;517;3807
18/11/2020;15503;402347;60870;478720;110;3711;444;4265
19/11/2020;15600;406612;61306;483518;97;4265;436;4798
20/11/2020;15678;410552;62080;488310;78;3940;774;4792
21/11/2020;15774;413955;63579;493308;96;3403;1499;4998
22/11/2020;15884;418188;63596;497668;110;4233;17;4360
23/11/2020;16002;422386;63722;502110;118;4198;126;4442
24/11/2020;16111;425313;64878;506302;109;2927;1156;4192
25/11/2020;16225;429807;65804;511836;114;4494;926;5534
26/11/2020;16352;433649;66752;516753;127;3842;948;4917
27/11/2020;16521;437456;68604;522581;169;3807;1852;5828
28/11/2020;16646;441983;69370;527999;125;4527;766;5418
29/11/2020;16815;445793;71658;534266;169;3810;2288;6267
30/11/2020;16945;450518;71420;538883;130;4725;-238;4617
01/12/2020;17081;454879;72015;543975;136;4361;595;5092
02/12/2020;17199;458880;73429;549508;118;4001;1414;5533
03/12/2020;17355;462553;77969;557877;156;3673;4540;8369
04/12/2020;17479;466178;80023;563680;124;3625;2054;5803
05/12/2020;17589;470449;81669;569707;110;4271;1646;6027
06/12/2020;17740;474771;83285;575796;151;4322;1616;6089
07/12/2020;17867;479202;84481;581550;127;4431;1196;5754
08/12/2020;18000;483497;85345;586842;133;4295;864;5292
09/12/2020;18171;487445;87284;592900;171;3948;1939;6058
10/12/2020;18336;491975;88622;598933;165;4530;1338;6033
11/12/2020;18511;496886;89846;605243;175;4911;1224;6310
12/12/2020;18653;501376;91602;611631;142;4490;1756;6388
13/12/2020;18819;505836;93165;617820;166;4460;1563;6189
14/12/2020;18956;510957;93396;623309;137;5121;231;5489
15/12/2020;19111;516656;93662;629429;155;5699;266;6120
16/12/2020;19248;521984;94922;636154;137;5328;1260;6725
17/12/2020;19390;526979;97139;643508;142;4995;2217;7354
18/12/2020;19514;531995;98688;650197;124;5016;1549;6689
19/12/2020;19659;536260;102029;657948;145;4265;3341;7751
20/12/2020;19880;541811;103239;664930;221;5551;1210;6982
21/12/2020;20085;546884;104809;671778;205;5073;1570;6848
22/12/2020;20257;552722;105146;678125;172;5838;337;6347
23/12/2020;20408;558703;106528;685639;151;5981;1382;7514
24/12/2020;20589;563980;108269;692838;181;5277;1741;7199
25/12/2020;20847;570304;108946;700097;258;6324;677;7259
26/12/2020;20994;576693;109150;706837;147;6389;204;6740
27/12/2020;21237;583676;108452;713365;243;6983;-698;6528
28/12/2020;21452;589978;107789;719219;215;6302;-663;5854
29/12/2020;21703;596783;108636;727122;251;6805;847;7903
30/12/2020;21944;603741;109439;735124;241;6958;803;8002
31/12/2020;22138;611097;109963;743198;194;7356;524;8074
01/01/2021;22329;617936;111005;751270;191;6839;1042;8072
02/01/2021;22555;625518;110400;758473;226;7582;-605;7203
03/01/2021;22734;631937;110679;765350;179;6419;279;6877
04/01/2021;22911;639103;110089;772103;177;7166;-590;6753
05/01/2021;23109;645746;110693;779548;198;6643;604;7445
06/01/2021;23296;652513;112593;788402;187;6767;1900;8854
07/01/2021;23520;659437;114766;797723;224;6924;2173;9321
08/01/2021;23753;666883;117704;808340;233;7446;2938;10617
09/01/2021;23947;673511;120928;818386;194;6628;3224;10046
10/01/2021;24129;681024;122873;828026;182;7513;1945;9640
11/01/2021;24343;688739;123636;836718;214;7715;763;8692
12/01/2021;24645;695807;126313;846765;302;7068;2677;10047
13/01/2021;24951;703464;129628;858043;306;7657;3315;11278
14/01/2021;25246;711205;133149;869600;295;7741;3521;11557
15/01/2021;25484;718696;138238;882418;238;7491;5089;12818
16/01/2021;25767;727358;143517;896642;283;8662;5279;14224
17/01/2021;25987;736460;145482;907929;220;9102;1965;11287
18/01/2021;26282;745935;144798;917015;295;9475;-684;9086
19/01/2021;26590;753948;146842;927380;308;8013;2044;10365
20/01/2021;26857;763703;149388;939948;267;9755;2546;12568
21/01/2021;27203;772790;151658;951651;346;9087;2270;11703
22/01/2021;27453;781147;156683;965283;250;8357;5025;13632
23/01/2021;27664;791059;158751;977474;211;9912;2068;12191
24/01/2021;27835;798810;162617;989262;171;7751;3866;11788
25/01/2021;28132;809488;161636;999256;297;10678;-981;9994
26/01/2021;28468;820356;163526;1012350;336;10868;1890;13094
27/01/2021;28855;831330;164113;1024298;387;10974;587;11948
28/01/2021;29331;842122;166540;1037993;476;10792;2427;13695
29/01/2021;29518;852260;170017;1051795;187;10138;3477;13802
30/01/2021;29728;862502;174083;1066313;210;10242;4066;14518
31/01/2021;29998;873221;175095;1078314;270;10719;1012;12001
01/02/2021;30277;883682;175349;1089308;279;10461;254;10994
02/02/2021;30581;896530;172576;1099687;304;12848;-2773;10379
03/02/2021;30770;905665;175236;1111671;189;9135;2660;11984
04/02/2021;31001;917036;175068;1123105;231;11371;-168;11434
05/02/2021;31202;926980;176672;1134854;201;9944;1604;11749
06/02/2021;31393;939184;176433;1147010;191;12204;-239;12156
07/02/2021;31556;949990;176291;1157837;163;10806;-142;10827
08/02/2021;31763;963028;171288;1166079;207;13038;-5003;8242
09/02/2021;31976;973452;169351;1174779;213;10424;-1937;8700
10/02/2021;32167;982972;168416;1183555;191;9520;-935;8776
11/02/2021;32381;993117;166492;1191990;214;10145;-1924;8435
12/02/2021;32656;1004117;165086;1201859;275;11000;-1406;9869
13/02/2021;32936;1016036;161731;1210703;280;11919;-3355;8844
14/02/2021;33183;1025273;159012;1217468;247;9237;-2719;6765
15/02/2021;33367;1032065;158498;1223930;184;6792;-514;6462
16/02/2021;33596;1039674;160689;1233959;229;7609;2191;10029
17/02/2021;33788;1047676;162182;1243646;192;8002;1493;9687
18/02/2021;33969;1058222;160494;1252685;181;10546;-1688;9039
19/02/2021;34152;1069005;160142;1263299;183;10783;-352;10614
20/02/2021;34316;1078840;158197;1271353;164;9835;-1945;8054
21/02/2021;34489;1087076;157088;1278653;173;8236;-1109;7300
22/02/2021;34691;1096994;157148;1288833;202;9918;60;10180
23/02/2021;35014;1104990;158604;1298608;323;7996;1456;9775
24/02/2021;35254;1112725;158162;1306141;240;7735;-442;7533
25/02/2021;35518;1121411;157705;1314634;264;8686;-457;8493
26/02/2021;35786;1128672;158408;1322866;268;7261;703;8232
27/02/2021;35981;1136054;157039;1329074;195;7382;-1369;6208
28/02/2021;36166;1142703;155765;1334634;185;6649;-1274;5560
01/03/2021;36325;1151915;153074;1341314;159;9212;-2691;6680
02/03/2021;36518;1160863;149645;1347026;193;8948;-3429;5712
03/03/2021;36721;1169916;147197;1353834;203;9053;-2448;6808
04/03/2021;36897;1176356;147845;1361098;176;6440;648;7264
05/03/2021;37026;1182687;148380;1368093;129;6331;535;6995
06/03/2021;37154;1189510;147172;1373836;128;6823;-1208;5743
07/03/2021;37266;1194656;147740;1379662;112;5146;568;5826
08/03/2021;37547;1203381;145628;1386556;281;8725;-2112;6894
09/03/2021;37757;1210877;144311;1392945;210;7496;-1317;6389
10/03/2021;37932;1216433;144213;1398578;175;5556;-98;5633
11/03/2021;38049;1224603;141070;1403722;117;8170;-3143;5144
12/03/2021;38229;1231454;140451;1410134;180;6851;-619;6412
13/03/2021;38329;1237470;138942;1414741;100;6016;-1509;4607
14/03/2021;38426;1243117;137912;1419455;97;5647;-1030;4714
15/03/2021;38573;1249947;136524;1425044;147;6830;-1388;5589
16/03/2021;38753;1257663;134042;1430458;180;7716;-2482;5414
17/03/2021;38915;1266673;131695;1437283;162;9010;-2347;6825
18/03/2021;39142;1272958;131753;1443853;227;6285;58;6570
19/03/2021;39339;1278965;131828;1450132;197;6007;75;6279
20/03/2021;39447;1284725;131616;1455788;108;5760;-212;5656
21/03/2021;39550;1290790;129844;1460184;103;6065;-1772;4396
22/03/2021;39711;1297967;128250;1465928;161;7177;-1594;5744
23/03/2021;39865;1304921;126439;1471225;154;6954;-1811;5297
24/03/2021;39983;1312543;123926;1476452;118;7622;-2513;5227
25/03/2021;40081;1317199;125279;1482559;98;4656;1353;6107
26/03/2021;40166;1322878;124497;1487541;85;5679;-782;4982
27/03/2021;40364;1327121;124517;1492002;198;4243;20;4461
28/03/2021;40449;1331400;124236;1496085;85;4279;-281;4083
29/03/2021;40581;1336818;123694;1501093;132;5418;-542;5008
30/03/2021;40754;1342695;122326;1505775;173;5877;-1368;4682
31/03/2021;40858;1348330;122524;1511712;104;5635;198;5937
01/04/2021;41054;1355578;121222;1517854;196;7248;-1302;6142
02/04/2021;41151;1361017;121011;1523179;97;5439;-211;5325
03/04/2021;41242;1366214;120068;1527524;91;5197;-943;4345
04/04/2021;41669;1375877;116709;1534255;427;9663;-3359;6731
05/04/2021;41815;1381677;114475;1537967;146;5800;-2234;3712
06/04/2021;41977;1385973;114566;1542516;162;4296;91;4549
07/04/2021;42064;1391742;113570;1547376;87;5769;-996;4860
08/04/2021;42227;1399382;111271;1552880;163;7640;-2299;5504
09/04/2021;42348;1405679;110118;1558145;121;6297;-1153;5265
10/04/2021;42443;1409288;111137;1562868;95;3609;1019;4723
11/04/2021;42530;1414507;109958;1566995;87;5219;-1179;4127
12/04/2021;42656;1419796;109372;1571824;126;5289;-586;4829
13/04/2021;42782;1426145;108599;1577526;126;6349;-773;5702
14/04/2021;42906;1431892;108384;1583182;124;5747;-215;5656
15/04/2021;43073;1438254;108032;1589359;167;6362;-352;6177
16/04/2021;43196;1444229;107297;1594722;123;5975;-735;5363
17/04/2021;43328;1450192;106243;1599763;132;5963;-1054;5041
18/04/2021;43424;1455065;105859;1604348;96;4873;-384;4585
19/04/2021;43567;1461414;104319;1609300;143;6349;-1540;4952
20/04/2021;43777;1468142;102930;1614849;210;6728;-1389;5549
21/04/2021;44007;1475456;101106;1620569;230;7314;-1824;5720
22/04/2021;44172;1481449;101191;1626812;165;5993;85;6243
23/04/2021;44346;1487369;100533;1632248;174;5920;-658;5436
24/04/2021;44500;1492322;99970;1636792;154;4953;-563;4544
25/04/2021;44594;1496126;100474;1641194;94;3804;504;4402
26/04/2021;44770;1501715;100652;1647138;176;5589;178;5944
27/04/2021;44939;1506599;100256;1651794;169;4884;-396;4656
28/04/2021;45116;1511417;100502;1657035;177;4818;246;5241
29/04/2021;45334;1517432;100102;1662868;218;6015;-400;5833
30/04/2021;45521;1522634;100213;1668368;187;5202;111;5500
01/05/2021;45652;1526978;100250;1672880;131;4344;37;4512
02/05/2021;45796;1530718;100760;1677274;144;3740;510;4394
03/05/2021;45949;1535491;100564;1682004;153;4773;-196;4730
04/05/2021;46137;1541149;99087;1686373;188;5658;-1477;4369
05/05/2021;46349;1547092;98217;1691658;212;5943;-870;5285
06/05/2021;46496;1552532;98277;1697305;147;5440;60;5647
07/05/2021;46663;1558423;98546;1703632;167;5891;269;6327
08/05/2021;46842;1563917;99003;1709762;179;5494;457;6130
09/05/2021;47012;1568277;98395;1713684;170;4360;-608;3922
10/05/2021;47218;1574615;96742;1718575;206;6338;-1653;4891
11/05/2021;47465;1580207;95924;1723596;247;5592;-818;5021
12/05/2021;47617;1584878;95709;1728204;152;4671;-215;4608
13/05/2021;47716;1589079;94857;1731652;99;4201;-852;3448
14/05/2021;47823;1592886;93576;1734285;107;3807;-1281;2633
15/05/2021;47967;1597067;91636;1736670;144;4181;-1940;2385
16/05/2021;48093;1600857;90800;1739750;126;3790;-836;3080
17/05/2021;48305;1606611;89129;1744045;212;5754;-1671;4295
18/05/2021;48477;1612239;87514;1748230;172;5628;-1615;4185
19/05/2021;48669;1616603;87829;1753101;192;4364;315;4871
20/05/2021;48887;1621572;88439;1758898;218;4969;610;5797
21/05/2021;49073;1626142;89429;1764644;186;4570;990;5746
22/05/2021;49205;1629495;91240;1769940;132;3353;1811;5296
23/05/2021;49328;1633045;92847;1775220;123;3550;1607;5280
24/05/2021;49455;1638279;93393;1781127;127;5234;546;5907
25/05/2021;49627;1642074;94486;1786187;172;3795;1093;5060
26/05/2021;49771;1645263;96187;1791221;144;3189;1701;5034
27/05/2021;49907;1649187;98405;1797499;136;3924;2218;6278
28/05/2021;50100;1654557;98704;1803361;193;5370;299;5862
05/29/2021;50262;1659974;99690;1809926;162;5417;986;6565
05/30/2021;50404;1663998;101639;1816041;142;4024;1949;6115
05/31/2021;50578;1669119;102006;1821703;174;5121;367;5662
06/01/2021;50723;1674479;101325;1826527;145;5360;-681;4824
06/02/2021;50908;1680501;100364;1831773;185;6022;-961;5246
06/03/2021;51095;1691593;94438;1837126;187;11092;-5926;5353
06/04/2021;51296;1697543;94773;1843612;201;5950;335;6486
06/05/2021;51449;1701784;96973;1850206;153;4241;2200;6594
06/06/2021;51612;1705971;98455;1856038;163;4187;1482;5832
06/07/2021;51803;1711565;99663;1863031;191;5594;1208;6993
06/08/2021;51992;1717370;99963;1869325;189;5805;300;6294
06/09/2021;52162;1723253;101635;1877050;170;5883;1672;7725
06/10/2021;52373;1728914;104614;1885901;211;5661;2979;8851
06/11/2021;52566;1735144;106315;1894025;193;6230;1701;8124
06/12/2021;52730;1740436;108324;1901490;164;5292;2009;7465
06/13/2021;52879;1745091;113388;1911358;149;4655;5064;9868
06/14/2021;53116;1751234;115197;1919547;237;6143;1809;8189
06/15/2021;53280;1757641;116787;1927708;164;6407;1590;8161
06/16/2021;53476;1763870;120306;1937652;196;6229;3519;9944
06/17/2021;53753;1771220;125303;1950276;277;7350;4997;12624
06/18/2021;54043;1779127;130096;1963266;290;7907;4793;12990
06/19/2021;54291;1786143;135738;1976172;248;7016;5642;12906
06/20/2021;54662;1792528;142719;1989909;371;6385;6981;13737
06/21/2021;54956;1801761;147728;2004445;294;9233;5009;14536
06/22/2021;55291;1810136;152686;2018113;335;8375;4958;13668
06/23/2021;55594;1817303;160524;2033421;303;7167;7838;15308
06/24/2021;55949;1826504;171542;2053995;355;9201;11018;20574
06/25/2021;56371;1835061;181435;2072867;422;8557;9893;18872
06/26/2021;56729;1842457;194776;2093962;358;7396;13341;21095
06/27/2021;57138;1850481;207685;2115304;409;8024;12909;21342
06/28/2021;57561;1859961;218476;2135998;423;9480;10791;20694
