tanggal,kum_meninggal,kum_sembuh,kum_dirawat,kum_positif,harian_meninggal,harian_sembuh,harian_dirawat,harian_positif
2020-03-01,0,0,0,0,0,0,0,0
2020-03-02,0,0,2,2,0,0,2,2
2020-03-03,0,0,2,2,0,0,0,0
2020-03-04,0,0,2,2,0,0,0,0
2020-03-05,0,0,2,2,0,0,0,0
2020-03-06,0,0,4,4,0,0,2,2
2020-03-07,0,0,4,4,0,0,0,0
2020-03-08,0,0,6,6,0,0,2,2
2020-03-09,0,0,19,19,0,0,13,13
2020-03-10,0,2,25,27,0,2,6,8
2020-03-11,1,2,31,34,1,0,6,7
2020-03-12,1,2,31,34,0,0,0,0
2020-03-13,4,2,63,69,3,0,32,35
2020-03-14,5,8,83,96,1,6,20,27
2020-03-15,5,8,104,117,0,0,21,21
2020-03-16,5,8,121,134,0,0,17,17
2020-03-17,5,9,158,172,0,1,37,38
2020-03-18,19,11,197,227,14,2,39,55
2020-03-19,25,15,269,309,6,4,72,82
2020-03-20,32,17,320,369,7,2,51,60
2020-03-21,38,20,392,450,6,3,72,81
2020-03-22,48,29,437,514,10,9,45,64
2020-03-23,49,30,500,579,1,1,63,65
2020-03-24,55,30,601,686,6,0,101,107
2020-03-25,58,31,701,790,3,1,100,104
2020-03-26,78,35,780,893,20,4,79,103
2020-03-27,87,46,913,1046,9,11,133,153
2020-03-28,102,59,994,1155,15,13,81,109
2020-03-29,114,64,1107,1285,12,5,113,130
2020-03-30,122,75,1217,1414,8,11,110,129
2020-03-31,136,81,1311,1528,14,6,94,114
2020-04-01,157,103,1417,1677,21,22,106,149
2020-04-02,170,112,1508,1790,13,9,91,113
2020-04-03,181,134,1671,1986,11,22,163,196
2020-04-04,191,150,1751,2092,10,16,80,106
2020-04-05,198,164,1911,2273,7,14,160,181
2020-04-06,209,192,2090,2491,11,28,179,218
2020-04-07,221,204,2313,2738,12,12,223,247
2020-04-08,240,222,2494,2956,19,18,181,218
2020-04-09,280,252,2761,3293,40,30,267,337
2020-04-10,306,282,2924,3512,26,30,163,219
2020-04-11,327,286,3229,3842,21,4,305,330
2020-04-12,373,359,3509,4241,46,73,280,399
2020-04-13,399,380,3778,4557,26,21,269,316
2020-04-14,459,426,3954,4839,60,46,176,282
2020-04-15,469,446,4221,5136,10,20,267,297
2020-04-16,496,548,4472,5516,27,102,251,380
2020-04-17,520,607,4796,5923,24,59,324,407
2020-04-18,535,631,5082,6248,15,24,286,325
2020-04-19,582,686,5307,6575,47,55,225,327
2020-04-20,590,747,5423,6760,8,61,116,185
2020-04-21,616,842,5677,7135,26,95,254,375
2020-04-22,635,913,5870,7418,19,71,193,283
2020-04-23,647,960,6168,7775,12,47,298,357
2020-04-24,689,1002,6520,8211,42,42,352,436
2020-04-25,720,1042,6845,8607,31,40,325,396
2020-04-26,743,1107,7032,8882,23,65,187,275
2020-04-27,765,1151,7180,9096,22,44,148,214
2020-04-28,773,1254,7484,9511,8,103,304,415
2020-04-29,784,1391,7596,9771,11,137,112,260
2020-04-30,792,1522,7804,10118,8,131,208,347
2020-05-01,800,1591,8160,10551,8,69,356,433
2020-05-02,831,1665,8347,10843,31,74,187,292
2020-05-03,845,1876,8471,11192,14,211,124,349
2020-05-04,864,1954,8769,11587,19,78,298,395
2020-05-05,872,2197,9002,12071,8,243,233,484
2020-05-06,895,2317,9226,12438,23,120,224,367
2020-05-07,930,2381,9465,12776,35,64,239,338
2020-05-08,943,2494,9675,13112,13,113,210,336
2020-05-09,959,2607,10079,13645,16,113,404,533
2020-05-10,973,2698,10361,14032,14,91,282,387
2020-05-11,991,2881,10393,14265,18,183,32,233
2020-05-12,1007,3063,10679,14749,16,182,286,484
2020-05-13,1028,3287,11123,15438,21,224,444,689
2020-05-14,1043,3518,11445,16006,15,231,322,568
2020-05-15,1076,3803,11617,16496,33,285,172,490
2020-05-16,1089,3911,12025,17025,13,108,408,529
2020-05-17,1148,4129,12237,17514,59,218,212,489
2020-05-18,1191,4324,12495,18010,43,195,258,496
2020-05-19,1221,4467,12808,18496,30,143,313,486
2020-05-20,1242,4575,13372,19189,21,108,564,693
2020-05-21,1278,4838,14046,20162,36,263,674,973
2020-05-22,1326,5057,14413,20796,48,219,367,634
2020-05-23,1351,5249,15145,21745,25,192,732,949
2020-05-24,1372,5402,15497,22271,21,153,352,526
2020-05-25,1391,5642,15717,22750,19,240,220,479
2020-05-26,1418,5877,15870,23165,27,235,153,415
2020-05-27,1473,6057,16321,23851,55,180,451,686
2020-05-28,1496,6240,16802,24538,23,183,481,687
2020-05-29,1520,6492,17204,25216,24,252,402,678
2020-05-30,1573,7015,17185,25773,53,523,-19,557
2020-05-31,1613,7308,17552,26473,40,293,367,700
2020-06-01,1641,7637,17662,26940,28,329,110,467
2020-06-02,1663,7935,17951,27549,22,298,289,609
2020-06-03,1698,8406,18129,28233,35,471,178,684
2020-06-04,1721,8892,18205,28818,23,486,76,585
2020-06-05,1770,9443,18308,29521,49,551,103,703
2020-06-06,1801,9907,18806,30514,31,464,498,993
2020-06-07,1851,10498,18837,31186,50,591,31,672
2020-06-08,1883,10904,19246,32033,32,406,409,847
2020-06-09,1923,11414,19739,33076,40,510,493,1043
2020-06-10,1959,12129,20228,34316,36,715,489,1240
2020-06-11,2000,12636,20659,35295,41,507,431,979
2020-06-12,2048,13213,21145,36406,48,577,486,1111
2020-06-13,2091,13776,21553,37420,43,563,408,1014
2020-06-14,2134,14531,21612,38277,43,755,59,857
2020-06-15,2198,15123,21973,39294,64,592,361,1017
2020-06-16,2231,15703,22466,40400,33,580,493,1106
2020-06-17,2276,16243,22912,41431,45,540,446,1031
2020-06-18,2339,16798,23625,42762,63,555,713,1331
2020-06-19,2373,17349,24081,43803,34,551,456,1041
2020-06-20,2429,17883,24717,45029,56,534,636,1226
2020-06-21,2465,18404,25022,45891,36,521,305,862
2020-06-22,2500,18735,25610,46845,35,331,588,954
2020-06-23,2535,19241,26120,47896,35,506,510,1051
2020-06-24,2573,19658,26778,49009,38,417,658,1113
2020-06-25,2620,20449,27118,50187,47,791,340,1178
2020-06-26,2683,21333,27411,51427,63,884,293,1240
2020-06-27,2720,21909,28183,52812,37,576,772,1385
2020-06-28,2754,22936,28320,54010,34,1027,137,1198
2020-06-29,2805,23800,28487,55092,51,864,167,1082
2020-06-30,2876,24806,28703,56385,71,1006,216,1293
2020-07-01,2934,25595,29241,57770,58,789,538,1385
2020-07-02,2987,26667,29740,59394,53,1072,499,1624
2020-07-03,3036,27568,30091,60695,49,901,351,1301
2020-07-04,3089,28219,30834,62142,53,651,743,1447
2020-07-05,3171,29105,31473,63749,82,886,639,1607
2020-07-06,3241,29919,31798,64958,70,814,325,1209
2020-07-07,3309,30785,32132,66226,68,866,334,1268
2020-07-08,3359,31585,33135,68079,50,800,1003,1853
2020-07-09,3417,32651,34668,70736,58,1066,1533,2657
2020-07-10,3469,33529,35349,72347,52,878,681,1611
2020-07-11,3535,34719,35764,74018,66,1190,415,1671
2020-07-12,3606,35638,36455,75699,71,919,691,1681
2020-07-13,3656,36689,36636,76981,50,1051,181,1282
2020-07-14,3710,37636,37226,78572,54,947,590,1591
2020-07-15,3797,39050,37247,80094,87,1414,21,1522
2020-07-16,3873,40345,37450,81668,76,1295,203,1574
2020-07-17,3957,41834,37339,83130,84,1489,-111,1462
2020-07-18,4016,43268,37598,84882,59,1434,259,1752
2020-07-19,4143,45401,36977,86521,127,2133,-621,1639
2020-07-20,4239,46977,36998,88214,96,1576,21,1693
2020-07-21,4320,48466,37083,89869,81,1489,85,1655
2020-07-22,4459,50255,37037,91751,139,1789,-46,1882
2020-07-23,4576,52164,36917,93657,117,1909,-120,1906
2020-07-24,4665,53945,36808,95418,89,1781,-109,1761
2020-07-25,4714,55354,37218,97286,49,1409,410,1868
2020-07-26,4781,56655,37342,98778,67,1301,124,1492
2020-07-27,4838,58173,37292,100303,57,1518,-50,1525
2020-07-28,4901,60539,36611,102051,63,2366,-681,1748
2020-07-29,4975,62138,37319,104432,74,1599,708,2381
2020-07-30,5058,64292,36986,106336,83,2154,-333,1904
2020-07-31,5131,65907,37338,108376,73,1615,352,2040
2020-08-01,5193,67919,36824,109936,62,2012,-514,1560
2020-08-02,5236,68975,37244,111455,43,1056,420,1519
2020-08-03,5302,70237,37595,113134,66,1262,351,1679
2020-08-04,5388,72050,37618,115056,86,1813,23,1922
2020-08-05,5452,73889,37530,116871,64,1839,-88,1815
2020-08-06,5521,75645,37587,118753,69,1756,57,1882
2020-08-07,5593,77557,38076,121226,72,1912,489,2473
2020-08-08,5658,79306,38539,123503,65,1749,463,2277
2020-08-09,5723,80952,38721,125396,65,1646,182,1893
2020-08-10,5765,82236,39082,127083,42,1284,361,1687
2020-08-11,5824,83710,39242,128776,59,1474,160,1693
2020-08-12,5903,85798,39017,130718,79,2088,-225,1942
2020-08-13,5968,87558,39290,132816,65,1760,273,2098
2020-08-14,6021,89618,39484,135123,53,2060,194,2307
2020-08-15,6071,91321,40076,137468,50,1703,592,2345
2020-08-16,6150,93103,40296,139549,79,1782,220,2081
2020-08-17,6207,94458,40705,141370,57,1355,409,1821
2020-08-18,6277,96306,40460,143043,70,1848,-245,1673
2020-08-19,6346,98657,39942,144945,69,2351,-518,1902
2020-08-20,6418,100674,40119,147211,72,2017,177,2266
2020-08-21,6500,102991,39917,149408,82,2317,-202,2197
2020-08-22,6594,105198,39706,151498,94,2207,-211,2090
2020-08-23,6680,107500,39355,153535,86,2302,-351,2037
2020-08-24,6759,111060,37593,155412,79,3560,-1762,1877
2020-08-25,6858,112867,38134,157859,99,1807,541,2447
2020-08-26,6944,115409,37812,160165,86,2542,-322,2306
2020-08-27,7064,118575,37245,162884,120,3166,-567,2719
2020-08-28,7169,120900,37818,165887,105,2325,573,3003
2020-08-29,7261,122802,39132,169195,92,1902,1314,3308
2020-08-30,7343,124185,40525,172053,82,1383,1393,2858
2020-08-31,7417,125959,41420,174796,74,1774,895,2743
2020-09-01,7505,128057,42009,177571,88,2098,589,2775
2020-09-02,7616,129971,43059,180646,111,1914,1050,3075
2020-09-03,7750,132055,44463,184268,134,2084,1404,3622
2020-09-04,7832,134181,45524,187537,82,2126,1061,3269
2020-09-05,7940,136401,46324,190665,108,2220,800,3128
2020-09-06,8025,138575,47509,194109,85,2174,1185,3444
2020-09-07,8130,140652,48207,196989,105,2077,698,2880
2020-09-08,8230,142958,48847,200035,100,2306,640,3046
2020-09-09,8336,145200,49806,203342,106,2242,959,3307
2020-09-10,8456,147510,51237,207203,120,2310,1431,3861
2020-09-11,8544,150217,52179,210940,88,2707,942,3737
2020-09-12,8650,152458,53638,214746,106,2241,1459,3806
2020-09-13,8723,155010,54649,218382,73,2552,1011,3636
2020-09-14,8841,158405,54277,221523,118,3395,-372,3141
2020-09-15,8965,161065,55000,225030,124,2660,723,3507
2020-09-16,9100,164101,55792,228993,135,3036,792,3963
2020-09-17,9222,166686,56720,232628,122,2585,928,3635
2020-09-18,9336,170774,56409,236519,114,4088,-311,3891
2020-09-19,9448,174350,56889,240687,112,3576,480,4168
2020-09-20,9553,177327,57796,244676,105,2977,907,3989
2020-09-21,9677,180797,58378,248852,124,3470,582,4176
2020-09-22,9837,184298,58788,252923,160,3501,410,4071
2020-09-23,9977,187958,59453,257388,140,3660,665,4465
2020-09-24,10105,191853,60064,262022,128,3895,611,4634
2020-09-25,10218,196196,60431,266845,113,4343,367,4823
2020-09-26,10308,199403,61628,271339,90,3207,1197,4494
2020-09-27,10386,203014,61813,275213,78,3611,185,3874
2020-09-28,10473,206870,61379,278722,87,3856,-434,3509
2020-09-29,10601,210437,61686,282724,128,3567,307,4002
2020-09-30,10740,214947,61321,287008,139,4510,-365,4284
2020-10-01,10856,218487,61839,291182,116,3540,518,4174
2020-10-02,10972,221340,63187,295499,116,2853,1348,4317
2020-10-03,11055,225052,63399,299506,83,3712,212,4007
2020-10-04,11151,228453,63894,303498,96,3401,495,3992
2020-10-05,11253,232593,63274,307120,102,4140,-620,3622
2020-10-06,11374,236437,63365,311176,121,3844,91,4056
2020-10-07,11472,240291,63951,315714,98,3854,586,4538
2020-10-08,11580,244060,64924,320564,108,3769,973,4850
2020-10-09,11677,247667,65314,324658,97,3607,390,4094
2020-10-10,11765,251481,65706,328952,88,3814,392,4294
2020-10-11,11844,255027,66578,333449,79,3546,872,4497
2020-10-12,11935,258519,66262,336716,91,3492,-316,3267
2020-10-13,12027,263296,65299,340622,92,4777,-963,3906
2020-10-14,12156,267851,64742,344749,129,4555,-557,4127
2020-10-15,12268,273661,63231,349160,112,5810,-1511,4411
2020-10-16,12347,277544,63570,353461,79,3883,339,4301
2020-10-17,12431,281592,63739,357762,84,4048,169,4301
2020-10-18,12511,285324,64032,361867,80,3732,293,4105
2020-10-19,12617,289243,63380,365240,106,3919,-652,3373
2020-10-20,12734,293653,62455,368842,117,4410,-925,3602
2020-10-21,12857,297509,62743,373109,123,3856,288,4267
2020-10-22,12959,301006,63576,377541,102,3497,833,4432
2020-10-23,13077,305100,63733,381910,118,4094,157,4369
2020-10-24,13205,309219,63556,385980,128,4119,-177,4070
2020-10-25,13299,313764,62649,389712,94,4545,-907,3732
2020-10-26,13411,317672,61851,392934,112,3908,-798,3222
2020-10-27,13512,322248,60694,396454,101,4576,-1157,3520
2020-10-28,13612,325793,61078,400483,100,3545,384,4029
2020-10-29,13701,329778,60569,404048,89,3985,-509,3565
2020-10-30,13782,334295,58868,406945,81,4517,-1701,2897
2020-10-31,13869,337801,58418,410088,87,3506,-450,3143
2020-11-01,13943,341942,56899,412784,74,4141,-1519,2696
2020-11-02,14044,345566,55792,415402,101,3624,-1107,2618
2020-11-03,14146,349497,54732,418375,102,3931,-1060,2973
2020-11-04,14259,353282,54190,421731,113,3785,-542,3356
2020-11-05,14348,357142,54306,425796,89,3860,116,4065
2020-11-06,14442,360705,54427,429574,94,3563,121,3778
2020-11-07,14540,364417,54879,433836,98,3712,452,4262
2020-11-08,14614,368298,54804,437716,74,3881,-75,3880
2020-11-09,14689,372266,53614,440569,75,3968,-1190,2853
2020-11-10,14761,375741,53846,444348,72,3475,232,3779
2020-11-11,14836,378982,54300,448118,75,3241,454,3770
2020-11-12,14933,382084,55274,452291,97,3102,974,4173
2020-11-13,15037,385094,57604,457735,104,3010,2330,5444
2020-11-14,15148,388094,59765,463007,111,3000,2161,5272
2020-11-15,15211,391991,59911,467113,63,3897,146,4106
2020-11-16,15296,395443,59909,470648,85,3452,-2,3535
2020-11-17,15393,398636,60426,474455,97,3193,517,3807
2020-11-18,15503,402347,60870,478720,110,3711,444,4265
2020-11-19,15600,406612,61306,483518,97,4265,436,4798
2020-11-20,15678,410552,62080,488310,78,3940,774,4792
2020-11-21,15774,413955,63579,493308,96,3403,1499,4998
2020-11-22,15884,418188,63596,497668,110,4233,17,4360
2020-11-23,16002,422386,63722,502110,118,4198,126,4442
2020-11-24,16111,425313,64878,506302,109,2927,1156,4192
2020-11-25,16225,429807,65804,511836,114,4494,926,5534
2020-11-26,16352,433649,66752,516753,127,3842,948,4917
2020-11-27,16521,437456,68604,522581,169,3807,1852,5828
2020-11-28,16646,441983,69370,527999,125,4527,766,5418
2020-11-29,16815,445793,71658,534266,169,3810,2288,6267
2020-11-30,16945,450518,71420,538883,130,4725,-238,4617
2020-12-01,17081,454879,72015,543975,136,4361,595,5092
2020-12-02,17199,458880,73429,549508,118,4001,1414,5533
2020-12-03,17355,462553,77969,557877,156,3673,4540,8369
2020-12-04,17479,466178,80023,563680,124,3625,2054,5803
2020-12-05,17589,470449,81669,569707,110,4271,1646,6027
2020-12-06,17740,474771,83285,575796,151,4322,1616,6089
2020-12-07,17867,479202,84481,581550,127,4431,1196,5754
2020-12-08,18000,483497,85345,586842,133,4295,864,5292
2020-12-09,18171,487445,87284,592900,171,3948,1939,6058
2020-12-10,18336,491975,88622,598933,165,4530,1338,6033
2020-12-11,18511,496886,89846,605243,175,4911,1224,6310
2020-12-12,18653,501376,91602,611631,142,4490,1756,6388
2020-12-13,18819,505836,93165,617820,166,4460,1563,6189
2020-12-14,18956,510957,93396,623309,137,5121,231,5489
2020-12-15,19111,516656,93662,629429,155,5699,266,6120
2020-12-16,19248,521984,94922,636154,137,5328,1260,6725
2020-12-17,19390,526979,97139,643508,142,4995,2217,7354
2020-12-18,19514,531995,98688,650197,124,5016,1549,6689
2020-12-19,19659,536260,102029,657948,145,4265,3341,7751
2020-12-20,19880,541811,103239,664930,221,5551,1210,6982
2020-12-21,20085,546884,104809,671778,205,5073,1570,6848
2020-12-22,20257,552722,105146,678125,172,5838,337,6347
2020-12-23,20408,558703,106528,685639,151,5981,1382,7514
2020-12-24,20589,563980,108269,692838,181,5277,1741,7199
2020-12-25,20847,570304,108946,700097,258,6324,677,7259
2020-12-26,20994,576693,109150,706837,147,6389,204,6740
2020-12-27,21237,583676,108452,713365,243,6983,-698,6528
2020-12-28,21452,589978,107789,719219,215,6302,-663,5854
2020-12-29,21703,596783,108636,727122,251,6805,847,7903
2020-12-30,21944,603741,109439,735124,241,6958,803,8002
2020-12-31,22138,611097,109963,743198,194,7356,524,8074
2021-01-01,22329,617936,111005,751270,191,6839,1042,8072
2021-01-02,22555,625518,110400,758473,226,7582,-605,7203
2021-01-03,22734,631937,110679,765350,179,6419,279,6877
2021-01-04,22911,639103,110089,772103,177,7166,-590,6753
2021-01-05,23109,645746,110693,779548,198,6643,604,7445
2021-01-06,23296,652513,112593,788402,187,6767,1900,8854
2021-01-07,23520,659437,114766,797723,224,6924,2173,9321
2021-01-08,23753,666883,117704,808340,233,7446,2938,10617
2021-01-09,23947,673511,120928,818386,194,6628,3224,10046
2021-01-10,24129,681024,122873,828026,182,7513,1945,9640
2021-01-11,24343,688739,123636,836718,214,7715,763,8692
2021-01-12,24645,695807,126313,846765,302,7068,2677,10047
2021-01-13,24951,703464,129628,858043,306,7657,3315,11278
2021-01-14,25246,711205,133149,869600,295,7741,3521,11557
2021-01-15,25484,718696,138238,882418,238,7491,5089,12818
2021-01-16,25767,727358,143517,896642,283,8662,5279,14224
2021-01-17,25987,736460,145482,907929,220,9102,1965,11287
2021-01-18,26282,745935,144798,917015,295,9475,-684,9086
2021-01-19,26590,753948,146842,927380,308,8013,2044,10365
2021-01-20,26857,763703,149388,939948,267,9755,2546,12568
2021-01-21,27203,772790,151658,951651,346,9087,2270,11703
2021-01-22,27453,781147,156683,965283,250,8357,5025,13632
2021-01-23,27664,791059,158751,977474,211,9912,2068,12191
2021-01-24,27835,798810,162617,989262,171,7751,3866,11788
2021-01-25,28132,809488,161636,999256,297,10678,-981,9994
2021-01-26,28468,820356,163526,1012350,336,10868,1890,13094
2021-01-27,28855,831330,164113,1024298,387,10974,587,11948
2021-01-28,29331,842122,166540,1037993,476,10792,2427,13695
2021-01-29,29518,852260,170017,1051795,187,10138,3477,13802
2021-01-30,29728,862502,174083,1066313,210,10242,4066,14518
2021-01-31,29998,873221,175095,1078314,270,10719,1012,12001
2021-02-01,30277,883682,175349,1089308,279,10461,254,10994
2021-02-02,30581,896530,172576,1099687,304,12848,-2773,10379
2021-02-03,30770,905665,175236,1111671,189,9135,2660,11984
2021-02-04,31001,917036,175068,1123105,231,11371,-168,11434
2021-02-05,31202,926980,176672,1134854,201,9944,1604,11749
2021-02-06,31393,939184,176433,1147010,191,12204,-239,12156
2021-02-07,31556,949990,176291,1157837,163,10806,-142,10827
2021-02-08,31763,963028,171288,1166079,207,13038,-5003,8242
2021-02-09,31976,973452,169351,1174779,213,10424,-1937,8700
2021-02-10,32167,982972,168416,1183555,191,9520,-935,8776
2021-02-11,32381,993117,166492,1191990,214,10145,-1924,8435
2021-02-12,32656,1004117,165086,1201859,275,11000,-1406,9869
2021-02-13,32936,1016036,161731,1210703,280,11919,-3355,8844
2021-02-14,33183,1025273,159012,1217468,247,9237,-2719,6765
2021-02-15,33367,1032065,158498,1223930,184,6792,-514,6462
2021-02-16,33596,1039674,160689,1233959,229,7609,2191,10029
2021-02-17,33788,1047676,162182,1243646,192,8002,1493,9687
2021-02-18,33969,1058222,160494,1252685,181,10546,-1688,9039
2021-02-19,34152,1069005,160142,1263299,183,10783,-352,10614
2021-02-20,34316,1078840,158197,1271353,164,9835,-1945,8054
2021-02-21,34489,1087076,157088,1278653,173,8236,-1109,7300
2021-02-22,34691,1096994,157148,1288833,202,9918,60,10180
2021-02-23,35014,1104990,158604,1298608,323,7996,1456,9775
2021-02-24,35254,1112725,158162,1306141,240,7735,-442,7533
2021-02-25,35518,1121411,157705,1314634,264,8686,-457,8493
2021-02-26,35786,1128672,158408,1322866,268,7261,703,8232
2021-02-27,35981,1136054,157039,1329074,195,7382,-1369,6208
2021-02-28,36166,1142703,155765,1334634,185,6649,-1274,5560
2021-03-01,36325,1151915,153074,1341314,159,9212,-2691,6680
2021-03-02,36518,1160863,149645,1347026,193,8948,-3429,5712
2021-03-03,36721,1169916,147197,1353834,203,9053,-2448,6808
2021-03-04,36897,1176356,147845,1361098,176,6440,648,7264
2021-03-05,37026,1182687,148380,1368093,129,6331,535,6995
2021-03-06,37154,1189510,147172,1373836,128,6823,-1208,5743
2021-03-07,37266,1194656,147740,1379662,112,5146,568,5826
2021-03-08,37547,1203381,145628,1386556,281,8725,-2112,6894
2021-03-09,37757,1210877,144311,1392945,210,7496,-1317,6389
2021-03-10,37932,1216433,144213,1398578,175,5556,-98,5633
2021-03-11,38049,1224603,141070,1403722,117,8170,-3143,5144
2021-03-12,38229,1231454,140451,1410134,180,6851,-619,6412
2021-03-13,38329,1237470,138942,1414741,100,6016,-1509,4607
2021-03-14,38426,1243117,137912,1419455,97,5647,-1030,4714
2021-03-15,38573,1249947,136524,1425044,147,6830,-1388,5589
2021-03-16,38753,1257663,134042,1430458,180,7716,-2482,5414
2021-03-17,38915,1266673,131695,1437283,162,9010,-2347,6825
2021-03-18,39142,1272958,131753,1443853,227,6285,58,6570
2021-03-19,39339,1278965,131828,1450132,197,6007,75,6279
2021-03-20,39447,1284725,131616,1455788,108,5760,-212,5656
2021-03-21,39550,1290790,129844,1460184,103,6065,-1772,4396
2021-03-22,39711,1297967,128250,1465928,161,7177,-1594,5744
2021-03-23,39865,1304921,126439,1471225,154,6954,-1811,5297
2021-03-24,39983,1312543,123926,1476452,118,7622,-2513,5227
2021-03-25,40081,1317199,125279,1482559,98,4656,1353,6107
2021-03-26,40166,1322878,124497,1487541,85,5679,-782,4982
2021-03-27,40364,1327121,124517,1492002,198,4243,20,4461
2021-03-28,40449,1331400,124236,1496085,85,4279,-281,4083
2021-03-29,40581,1336818,123694,1501093,132,5418,-542,5008
2021-03-30,40754,1342695,122326,1505775,173,5877,-1368,4682
2021-03-31,40858,1348330,122524,1511712,104,5635,198,5937
2021-04-01,41054,1355578,121222,1517854,196,7248,-1302,6142
2021-04-02,41151,1361017,121011,1523179,97,5439,-211,5325
2021-04-03,41242,1366214,120068,1527524,91,5197,-943,4345
2021-04-04,41669,1375877,116709,1534255,427,9663,-3359,6731
2021-04-05,41815,1381677,114475,1537967,146,5800,-2234,3712
2021-04-06,41977,1385973,114566,1542516,162,4296,91,4549
2021-04-07,42064,1391742,113570,1547376,87,5769,-996,4860
2021-04-08,42227,1399382,111271,1552880,163,7640,-2299,5504
2021-04-09,42348,1405679,110118,1558145,121,6297,-1153,5265
2021-04-10,42443,1409288,111137,1562868,95,3609,1019,4723
2021-04-11,42530,1414507,109958,1566995,87,5219,-1179,4127
2021-04-12,42656,1419796,109372,1571824,126,5289,-586,4829
2021-04-13,42782,1426145,108599,1577526,126,6349,-773,5702
2021-04-14,42906,1431892,108384,1583182,124,5747,-215,5656
2021-04-15,43073,1438254,108032,1589359,167,6362,-352,6177
2021-04-16,43196,1444229,107297,1594722,123,5975,-735,5363
2021-04-17,43328,1450192,106243,1599763,132,5963,-1054,5041
2021-04-18,43424,1455065,105859,1604348,96,4873,-384,4585
2021-04-19,43567,1461414,104319,1609300,143,6349,-1540,4952
2021-04-20,43777,1468142,102930,1614849,210,6728,-1389,5549
2021-04-21,44007,1475456,101106,1620569,230,7314,-1824,5720
2021-04-22,44172,1481449,101191,1626812,165,5993,85,6243
2021-04-23,44346,1487369,100533,1632248,174,5920,-658,5436
2021-04-24,44500,1492322,99970,1636792,154,4953,-563,4544
2021-04-25,44594,1496126,100474,1641194,94,3804,504,4402
2021-04-26,44770,1501715,100652,1647138,176,5589,178,5944
2021-04-27,44939,1506599,100256,1651794,169,4884,-396,4656
2021-04-28,45116,1511417,100502,1657035,177,4818,246,5241
2021-04-29,45334,1517432,100102,1662868,218,6015,-400,5833
2021-04-30,45521,1522634,100213,1668368,187,5202,111,5500
2021-05-01,45652,1526978,100250,1672880,131,4344,37,4512
2021-05-02,45796,1530718,100760,1677274,144,3740,510,4394
2021-05-03,45949,1535491,100564,1682004,153,4773,-196,4730
2021-05-04,46137,1541149,99087,1686373,188,5658,-1477,4369
2021-05-05,46349,1547092,98217,1691658,212,5943,-870,5285
2021-05-06,46496,1552532,98277,1697305,147,5440,60,5647
2021-05-07,46663,1558423,98546,1703632,167,5891,269,6327
2021-05-08,46842,1563917,99003,1709762,179,5494,457,6130
2021-05-09,47012,1568277,98395,1713684,170,4360,-608,3922
2021-05-10,47218,1574615,96742,1718575,206,6338,-1653,4891
2021-05-11,47465,1580207,95924,1723596,247,5592,-818,5021
2021-05-12,47617,1584878,95709,1728204,152,4671,-215,4608
2021-05-13,47716,1589079,94857,1731652,99,4201,-852,3448
2021-05-14,47823,1592886,93576,1734285,107,3807,-1281,2633
2021-05-15,47967,1597067,91636,1736670,144,4181,-1940,2385
2021-05-16,48093,1600857,90800,1739750,126,3790,-836,3080
2021-05-17,48305,1606611,89129,1744045,212,5754,-1671,4295
2021-05-18,48477,1612239,87514,1748230,172,5628,-1615,4185
2021-05-19,48669,1616603,87829,1753101,192,4364,315,4871
2021-05-20,48887,1621572,88439,1758898,218,4969,610,5797
2021-05-21,49073,1626142,89429,1764644,186,4570,990,5746
2021-05-22,49205,1629495,91240,1769940,132,3353,1811,5296
2021-05-23,49328,1633045,92847,1775220,123,3550,1607,5280
2021-05-24,49455,1638279,93393,1781127,127,5234,546,5907
2021-05-25,49627,1642074,94486,1786187,172,3795,1093,5060
2021-05-26,49771,1645263,96187,1791221,144,3189,1701,5034
2021-05-27,49907,1649187,98405,1797499,136,3924,2218,6278
2021-05-28,50100,1654557,98704,1803361,193,5370,299,5862
2021-05-29,50262,1659974,99690,1809926,162,5417,986,6565
2021-05-30,50404,1663998,101639,1816041,142,4024,1949,6115
2021-05-31,50578,1669119,102006,1821703,174,5121,367,5662
2021-06-01,50723,1674479,101325,1826527,145,5360,-681,4824
2021-06-02,50908,1680501,100364,1831773,185,6022,-961,5246
2021-06-03,51095,1691593,94438,1837126,187,11092,-5926,5353
2021-06-04,51296,1697543,94773,1843612,201,5950,335,6486
2021-06-05,51449,1701784,96973,1850206,153,4241,2200,6594
2021-06-06,51612,1705971,98455,1856038,163,4187,1482,5832
2021-06-07,51803,1711565,99663,1863031,191,5594,1208,6993
2021-06-08,51992,1717370,99963,1869325,189,5805,300,6294
2021-06-09,52162,1723253,101635,1877050,170,5883,1672,7725
2021-06-10,52373,1728914,104614,1885901,211,5661,2979,8851
2021-06-11,52566,1735144,106315,1894025,193,6230,1701,8124
2021-06-12,52730,1740436,108324,1901490,164,5292,2009,7465
2021-06-13,52879,1745091,113388,1911358,149,4655,5064,9868
2021-06-14,53116,1751234,115197,1919547,237,6143,1809,8189
2021-06-15,53280,1757641,116787,1927708,164,6407,1590,8161
2021-06-16,53476,1763870,120306,1937652,196,6229,3519,9944
2021-06-17,53753,1771220,125303,1950276,277,7350,4997,12624
2021-06-18,54043,1779127,130096,1963266,290,7907,4793,12990
2021-06-19,54291,1786143,135738,1976172,248,7016,5642,12906
2021-06-20,54662,1792528,142719,1989909,371,6385,6981,13737
2021-06-21,54956,1801761,147728,2004445,294,9233,5009,14536
2021-06-22,55291,1810136,152686,2018113,335,8375,4958,13668
2021-06-23,55594,1817303,160524,2033421,303,7167,7838,15308
2021-06-24,55949,1826504,171542,2053995,355,9201,11018,20574
2021-06-25,56371,1835061,181435,2072867,422,8557,9893,18872
2021-06-26,56729,1842457,194776,2093962,358,7396,13341,21095
2021-06-27,57138,1850481,207685,2115304,409,8024,12909,21342
2021-06-28,57561,1859961,218476,2135998,423,9480,10791,20694
