tanggal,kum_meninggal,kum_sembuh,kum_isoman,kum_dirawat,kum_positif,kum_positif_aktif,harian_meninggal,harian_sembuh,harian isoman,harian_dirawat,harian_positif,harian_positif_aktif
03/01/2020,0,0,0,0,0,0,0,0,0,0,0,0
03/02/2020,0,0,0,0,0,0,0,0,0,0,0,0
03/03/2020,1,0,0,2,3,2,1,0,0,2,3,2
03/04/2020,1,0,0,2,3,2,0,0,0,0,0,0
03/05/2020,3,0,0,4,7,4,2,0,0,2,4,2
03/06/2020,3,0,0,4,7,4,0,0,0,0,0,0
03/07/2020,3,0,0,4,7,4,0,0,0,0,0,0
03/08/2020,3,0,0,4,7,4,0,0,0,0,0,0
03/09/2020,3,0,0,31,34,31,0,0,0,27,27,27
03/10/2020,3,0,0,31,34,31,0,0,0,0,0,0
03/11/2020,3,0,0,33,36,33,0,0,0,2,2,2
03/12/2020,5,0,0,57,62,57,2,0,0,24,26,24
03/13/2020,7,0,0,65,72,65,2,0,0,8,10,8
03/14/2020,9,0,0,70,79,70,2,0,0,5,7,5
03/15/2020,11,0,0,84,95,84,2,0,0,14,16,14
03/16/2020,12,0,7,78,97,85,1,0,7,-6,2,1
03/17/2020,12,0,27,83,122,110,0,0,20,5,25,25
03/18/2020,15,12,42,91,160,133,3,12,15,8,38,23
03/19/2020,19,13,57,121,210,178,4,1,15,30,50,45
03/20/2020,20,13,66,125,224,191,1,0,9,4,14,13
03/21/2020,23,17,71,157,268,228,5,4,5,32,44,37
03/22/2020,29,21,77,177,304,254,4,4,6,20,36,26
03/23/2020,29,22,79,225,355,304,2,1,2,48,52,50
03/24/2020,34,23,109,260,426,369,3,1,30,35,70,65
03/25/2020,43,27,112,290,472,402,9,4,3,30,46,33
03/26/2020,49,29,113,324,515,437,6,2,1,34,43,35
03/27/2020,57,31,132,346,566,478,8,2,19,22,51,41
03/28/2020,62,43,134,364,603,498,5,12,2,18,37,20
03/29/2020,67,48,151,435,701,586,5,5,17,71,98,88
03/30/2020,78,49,151,449,727,600,11,1,0,14,26,14
03/31/2020,84,49,157,451,741,608,6,0,6,2,14,8
04/01/2020,90,51,176,499,816,675,6,2,19,48,75,67
04/02/2020,95,54,195,565,909,760,5,3,19,66,93,85
04/03/2020,98,56,209,627,990,836,3,2,14,62,81,76
04/04/2020,99,58,223,691,1071,914,1,2,14,64,81,78
04/05/2020,123,64,279,685,1151,964,24,6,56,-6,80,50
04/06/2020,131,68,317,783,1299,1100,8,4,38,98,148,136
04/07/2020,141,69,338,895,1443,1233,10,1,21,112,144,133
04/08/2020,144,75,357,976,1552,1333,3,6,19,81,109,100
04/09/2020,155,82,405,1077,1719,1482,11,7,48,101,167,149
04/10/2020,156,82,433,1139,1810,1572,1,0,28,62,91,90
04/11/2020,168,142,441,1152,1903,1593,12,60,8,13,93,21
04/12/2020,195,142,468,1277,2082,1745,27,0,27,125,179,152
04/13/2020,209,142,521,1370,2242,1891,14,0,53,93,160,146
04/14/2020,243,163,558,1385,2349,1943,34,21,37,15,107,52
04/15/2020,246,164,613,1424,2447,2037,3,1,55,39,98,94
04/16/2020,248,202,619,1601,2670,2220,2,38,6,177,223,183
04/17/2020,250,203,643,1727,2823,2370,2,1,24,126,153,150
04/18/2020,257,206,670,1769,2902,2439,7,3,27,42,79,69
04/19/2020,292,207,695,1839,3033,2534,35,1,25,70,131,95
04/20/2020,297,237,752,1826,3112,2578,5,30,57,-13,79,44
04/21/2020,305,286,753,1935,3279,2688,8,49,1,109,167,110
04/22/2020,308,291,815,1985,3399,2800,3,5,62,50,120,112
04/23/2020,316,292,888,2010,3506,2898,8,1,73,25,107,98
04/24/2020,331,327,959,1988,3605,2947,15,35,71,-22,99,49
04/25/2020,350,334,1050,1947,3681,2997,19,7,91,-41,76,50
04/26/2020,357,338,1099,1952,3746,3051,7,4,49,5,65,54
04/27/2020,375,338,1169,1950,3832,3119,18,0,70,-2,86,68
04/28/2020,379,341,1206,2024,3950,3230,4,3,37,74,118,111
04/29/2020,381,412,1238,2002,4033,3240,2,71,32,-22,83,10
04/30/2020,381,412,1272,2073,4138,3345,0,0,34,71,105,105
05/01/2020,393,427,1312,2151,4283,3463,12,15,40,78,145,118
05/02/2020,400,562,1304,2089,4355,3393,7,135,-8,-62,72,-70
05/03/2020,410,622,1323,2062,4417,3385,10,60,19,-27,62,-8
05/04/2020,412,650,1330,2080,4472,3410,2,28,7,18,55,25
05/05/2020,414,711,1370,2146,4641,3516,2,61,40,66,169,106
05/06/2020,420,713,1381,2195,4709,3576,6,2,11,49,68,60
05/07/2020,430,718,1431,2196,4775,3627,10,5,50,1,66,51
05/08/2020,431,763,1426,2281,4901,3707,1,45,-5,85,126,80
05/09/2020,437,767,1442,2312,4958,3754,6,4,16,31,57,47
05/10/2020,444,803,1533,2360,5140,3893,7,36,91,48,182,139
05/11/2020,453,836,1648,2258,5195,3906,9,33,115,-102,55,13
05/12/2020,457,1262,1741,1843,5303,3584,4,426,93,-415,108,-322
05/13/2020,461,1277,1866,1833,5437,3699,4,15,125,-10,134,115
05/14/2020,466,1279,1995,1877,5617,3872,5,2,129,44,180,173
05/15/2020,474,1286,2019,1900,5679,3919,8,7,24,23,62,47
05/16/2020,475,1292,2120,1908,5795,4028,1,6,101,8,116,109
05/17/2020,478,1295,2217,1932,5922,4149,3,3,97,24,127,121
05/18/2020,483,1301,2266,1946,5996,4212,5,6,49,14,74,63
05/19/2020,487,1417,2213,1936,6053,4149,4,116,-53,-10,57,-63
05/20/2020,493,1425,2263,1969,6150,4232,6,8,50,33,97,83
05/21/2020,498,1536,2231,1955,6220,4186,5,111,-32,-14,70,-46
05/22/2020,501,1558,2282,1975,6316,4257,3,22,51,20,96,71
05/23/2020,504,1587,2346,2006,6443,4352,3,29,64,31,127,95
05/24/2020,505,1594,2431,2031,6561,4462,1,7,85,25,118,110
05/25/2020,506,1648,2430,2044,6628,4474,1,54,-1,13,67,12
05/26/2020,508,1678,2459,2044,6689,4503,2,30,29,0,61,29
05/27/2020,510,1698,2584,2034,6826,4618,2,20,125,-10,137,115
05/28/2020,514,1719,2641,2055,6929,4696,4,21,57,21,103,78
05/29/2020,517,1807,2722,2007,7053,4729,3,88,81,-48,124,33
05/30/2020,519,2003,2781,1848,7151,4629,2,196,59,-159,98,-100
05/31/2020,520,2102,2827,1823,7272,4650,1,99,46,-25,121,21
06/01/2020,521,2246,2822,1794,7383,4616,1,144,-5,-29,111,-34
06/02/2020,525,2405,2786,1743,7459,4529,4,159,-36,-51,76,-87
06/03/2020,529,2534,2777,1699,7539,4476,4,129,-9,-44,80,-53
06/04/2020,530,2607,2793,1670,7600,4463,1,73,16,-29,61,-13
06/05/2020,532,2751,2768,1633,7684,4401,2,144,-25,-37,84,-62
06/06/2020,535,2840,2776,1635,7786,4411,3,89,8,2,102,10
06/07/2020,537,3170,2794,1445,7946,4239,2,330,18,-190,160,-172
06/08/2020,538,3205,2846,1448,8037,4294,1,35,52,3,91,55
06/09/2020,547,3369,2918,1442,8276,4360,9,164,72,-6,239,66
06/10/2020,551,3517,2928,1427,8423,4355,4,148,10,-15,147,-5
06/11/2020,555,3664,2887,1446,8552,4333,4,147,-41,19,129,-22
06/12/2020,561,3780,2863,1424,8628,4287,6,116,-24,-22,76,-46
06/13/2020,564,3840,2925,1419,8748,4344,3,60,62,-5,120,57
06/14/2020,571,4091,2833,1368,8863,4201,7,251,-92,-51,115,-143
06/15/2020,580,4198,2800,1390,8968,4190,9,107,-33,22,105,-11
06/16/2020,583,4329,2764,1416,9092,4180,3,131,-36,26,124,-10
06/17/2020,588,4444,2775,1402,9209,4177,5,115,11,-14,117,-3
06/18/2020,594,4592,2822,1377,9385,4199,6,148,47,-25,176,22
06/19/2020,599,4682,2862,1382,9525,4244,5,90,40,5,140,45
06/20/2020,603,4821,2939,1340,9703,4279,4,139,77,-42,178,35
06/21/2020,615,5054,2874,1287,9830,4161,12,233,-65,-53,127,-118
06/22/2020,618,5128,2901,1310,9957,4211,3,74,27,23,127,50
06/23/2020,619,5228,2957,1319,10123,4276,1,100,56,9,166,65
06/24/2020,628,5322,2978,1349,10277,4327,9,94,21,30,154,51
06/25/2020,631,5435,3068,1338,10472,4406,3,113,90,-11,195,79
06/26/2020,632,5542,3136,1330,10640,4466,1,107,68,-8,168,60
06/27/2020,632,5610,3256,1355,10853,4611,0,68,120,25,213,145
06/28/2020,635,5865,3163,1322,10985,4485,3,255,-93,-33,132,-126
06/29/2020,636,6118,3299,1027,11080,4326,1,253,136,-295,95,-159
06/30/2020,641,6512,3172,951,11276,4123,5,394,-127,-76,196,-203
07/01/2020,644,6680,3269,889,11482,4158,3,168,97,-62,206,35
07/02/2020,646,6871,3356,804,11677,4160,2,191,87,-85,195,2
07/03/2020,648,7109,3331,736,11824,4067,2,238,-25,-68,147,-93
07/04/2020,650,7377,3366,646,12039,4012,2,268,35,-90,215,-55
07/05/2020,658,7663,3390,584,12295,3974,8,286,24,-62,256,-38
07/06/2020,658,8033,3340,495,12526,3835,0,370,-50,-89,231,-139
07/07/2020,664,8277,3379,405,12725,3784,6,244,39,-90,199,-51
07/08/2020,667,8429,3556,417,13069,3973,3,152,177,12,344,189
07/09/2020,677,8647,3584,451,13359,4035,10,218,28,34,290,62
07/10/2020,684,8825,3613,476,13598,4089,7,178,29,25,239,54
07/11/2020,690,9040,3732,495,13957,4227,6,215,119,19,359,138
07/12/2020,702,9200,3905,554,14361,4459,12,160,173,59,404,232
07/13/2020,710,9408,3924,597,14639,4521,8,208,19,43,278,62
07/14/2020,714,9528,4053,619,14914,4672,4,120,129,22,275,151
07/15/2020,720,9721,4041,691,15173,4732,6,193,-12,72,259,60
07/16/2020,722,9857,4110,777,15466,4887,2,136,69,86,293,155
07/17/2020,731,9994,4156,826,15707,4982,9,137,46,49,241,95
07/18/2020,740,10117,4289,892,16038,5181,9,123,133,66,331,199
07/19/2020,748,10444,4236,923,16351,5159,8,327,-53,31,313,-22
07/20/2020,749,10602,4335,1026,16712,5361,1,158,99,103,361,202
07/21/2020,758,10864,4458,1073,17153,5531,9,262,123,47,441,170
07/22/2020,766,11187,4383,1193,17529,5576,8,323,-75,120,376,45
07/23/2020,767,11302,4675,1201,17945,5876,1,115,292,8,416,300
07/24/2020,768,11585,4577,1300,18230,5877,1,283,-98,99,285,1
07/25/2020,769,11715,4729,1410,18623,6139,1,130,152,110,393,262
07/26/2020,779,11889,4842,1491,19001,6333,10,174,113,81,378,194
07/27/2020,782,11996,4993,1702,19473,6695,3,107,151,211,472,362
07/28/2020,795,12373,4869,1848,19885,6717,13,377,-124,146,412,22
07/29/2020,820,12613,5093,1944,20470,7037,25,240,224,96,585,320
07/30/2020,821,12801,5098,2049,20769,7147,1,188,5,105,299,110
07/31/2020,836,13208,4974,2183,21201,7157,15,407,-124,134,432,10
08/01/2020,852,13887,4683,2153,21575,6836,16,679,-291,-30,374,-321
08/02/2020,852,14027,4916,2159,21954,7075,0,140,233,6,379,239
08/03/2020,867,14165,5084,2327,22443,7411,15,138,168,168,489,336
08/04/2020,880,14381,5216,2432,22909,7648,13,216,132,105,466,237
08/05/2020,895,14760,5128,2483,23266,7611,15,379,-88,51,357,-37
08/06/2020,908,15006,5397,2552,23863,7949,13,246,269,69,597,338
08/07/2020,922,15201,5803,2595,24521,8398,14,195,406,43,658,449
08/08/2020,934,15710,6110,2488,25242,8598,12,509,307,-107,721,200
08/09/2020,939,16268,6091,2416,25714,8507,5,558,-19,-72,472,-91
08/10/2020,940,16446,6252,2555,26193,8807,1,178,161,139,479,300
08/11/2020,953,16927,6236,2548,26664,8784,13,481,-16,-7,471,-23
08/12/2020,968,17349,6208,2717,27242,8925,15,422,-28,169,578,141
08/13/2020,981,17838,6330,2714,27863,9044,13,489,122,-3,621,119
08/14/2020,985,18528,6331,2594,28438,8925,4,690,1,-120,575,-119
08/15/2020,991,18974,6457,2614,29036,9071,6,446,126,20,598,146
08/16/2020,995,19708,6284,2567,29554,8851,4,734,-173,-47,518,-220
08/17/2020,1011,19916,6514,2651,30092,9165,16,208,230,84,538,314
08/18/2020,1028,20505,6602,2462,30597,9064,17,589,88,-189,505,-101
08/19/2020,1046,21069,6488,2559,31162,9047,18,564,-114,97,565,-17
08/20/2020,1061,21795,6357,2544,31757,8901,15,726,-131,-15,595,-146
08/21/2020,1076,22228,6518,2576,32398,9094,15,433,161,32,641,193
08/22/2020,1091,22877,6269,2762,32999,9031,15,649,-249,186,601,-63
08/23/2020,1107,23567,6040,2922,33636,8962,16,690,-229,160,637,-69
08/24/2020,1112,25463,5090,2630,34295,7720,5,1896,-950,-292,659,-1242
08/25/2020,1129,25986,5130,2686,34931,7816,17,523,40,56,636,96
08/26/2020,1144,26750,4978,2770,35642,7748,15,764,-152,84,711,-68
08/27/2020,1147,28288,4499,2528,36462,7027,3,1538,-479,-242,820,-721
08/28/2020,1154,29169,4128,2827,37278,6955,7,881,-371,299,816,-72
08/29/2020,1172,29768,4414,2812,38166,7226,18,599,286,-15,888,271
08/30/2020,1186,30134,4945,3015,39280,7960,14,366,531,203,1114,734
08/31/2020,1202,30538,5281,3288,40309,8569,16,404,336,273,1029,609
09/01/2020,1219,31267,5423,3341,41250,8764,17,729,142,53,941,195
09/02/2020,1237,31741,5757,3568,42303,9325,18,474,334,227,1053,561
09/03/2020,1253,32424,6323,3709,43709,10032,16,683,566,141,1406,707
09/04/2020,1260,33260,6257,3827,44604,10084,7,836,-66,118,895,52
09/05/2020,1277,33991,6501,3677,45446,10178,17,731,244,-150,842,94
09/06/2020,1289,34738,6582,4082,46691,10664,12,747,81,405,1245,486
09/07/2020,1318,35431,6706,4341,47796,11047,29,693,124,259,1105,383
09/08/2020,1330,36451,6598,4432,48811,11030,12,1020,-108,91,1015,-17
09/09/2020,1347,37245,6691,4554,49837,11245,17,794,93,122,1026,215
09/10/2020,1365,38226,6968,4728,51287,11696,18,981,277,174,1450,451
09/11/2020,1382,39115,7143,4681,52321,11824,17,889,175,-47,1034,128
09/12/2020,1404,40183,7490,4684,53761,12174,22,1068,347,3,1440,350
09/13/2020,1410,41014,7791,4649,54864,12440,6,831,301,-35,1103,266
09/14/2020,1440,42325,7530,4631,55926,12161,30,1311,-261,-18,1062,-279
09/15/2020,1468,43306,7711,4468,56953,12179,28,981,181,-163,1027,18
09/16/2020,1498,44251,7907,4802,58458,12709,30,945,196,334,1505,530
09/17/2020,1513,45207,8013,4739,59472,12752,15,956,106,-63,1014,43
09/18/2020,1535,46235,8450,4655,60875,13105,22,1028,437,-84,1403,353
09/19/2020,1546,47260,8696,4305,61807,13001,11,1025,246,-350,932,-104
09/20/2020,1561,49209,8297,3819,62886,12116,15,1949,-399,-486,1079,-885
09/21/2020,1592,49630,9225,3749,64196,12974,31,421,928,-70,1310,858
09/22/2020,1624,50473,9380,3841,65318,13221,32,843,155,92,1122,247
09/23/2020,1650,51578,9611,3666,66505,13277,26,1105,231,-175,1187,56
09/24/2020,1664,52742,9714,3518,67638,13232,14,1164,103,-148,1133,-45
09/25/2020,1677,54352,10027,2871,68927,12898,13,1610,313,-647,1289,-334
09/26/2020,1679,55350,10594,2561,70184,13155,2,998,567,-310,1257,257
09/27/2020,1692,56413,10915,2350,71370,13265,13,1063,321,-211,1186,110
09/28/2020,1704,57741,10474,2258,72177,12732,12,1328,-441,-92,807,-533
09/29/2020,1718,58865,10659,2067,73309,12726,14,1124,185,-191,1132,-6
09/30/2020,1731,60320,10353,1964,74368,12317,13,1455,-306,-103,1059,-409
01/10/2020,1737,61444,10545,1795,75521,12340,6,1124,192,-169,1153,23
02/10/2020,1740,62279,10496,2104,76619,12600,3,835,-49,309,1098,260
03/10/2020,1743,63286,10652,2103,77784,12755,3,1007,156,-1,1165,155
04/10/2020,1761,64319,11091,2043,79214,13134,18,1033,439,-60,1430,379
05/10/2020,1772,65295,10912,2057,80036,12969,11,976,-179,14,822,-165
06/10/2020,1806,66315,10787,2135,81043,12922,34,1020,-125,78,1007,-47
07/10/2020,1819,67310,10807,2447,82383,13254,13,995,20,312,1340,332
08/10/2020,1838,68352,10717,2485,83392,13202,19,1042,-90,38,1009,-52
09/10/2020,1860,69203,10746,2555,84364,13301,22,851,29,70,972,99
10/10/2020,1877,70487,10698,2555,85617,13253,17,1284,-48,0,1253,-48
11/10/2020,1901,71549,10863,2693,87006,13556,24,1062,165,138,1389,303
12/10/2020,1922,72633,10814,2805,88174,13619,21,1084,-49,112,1168,63
13/10/2020,1944,73733,10908,2643,89228,13551,22,1100,94,-162,1054,-68
14/10/2020,1961,74924,10822,2559,90266,13381,17,1191,-86,-84,1038,-170
15/10/2020,1984,75974,10636,2743,91337,13379,23,1050,-186,184,1071,-2
16/10/2020,2008,76956,10498,2920,92382,13418,24,982,-138,177,1045,39
17/10/2020,2032,78062,10591,2671,93356,13262,24,1106,93,-249,974,-156
18/10/2020,2051,79136,10782,2358,94327,13140,19,1074,191,-313,971,-122
19/10/2020,2064,80261,10325,2603,95253,12928,13,1125,-457,245,926,-212
20/10/2020,2086,81107,10292,2732,96217,13024,22,846,-33,129,964,96
21/10/2020,2105,82178,10273,2661,97217,12934,19,1071,-19,-71,1000,-90
22/10/2020,2120,83338,9980,2768,98206,12748,15,1160,-293,107,989,-186
23/10/2020,2138,84430,9604,2986,99158,12590,18,1092,-376,218,952,-158
24/10/2020,2153,85586,9557,2924,100220,12481,15,1156,-47,-62,1062,-109
25/10/2020,2164,86815,9151,2861,100991,12012,11,1229,-406,-63,771,-469
26/10/2020,2185,87977,8960,2775,101897,11735,21,1162,-191,-86,906,-277
27/10/2020,2195,89060,8743,2680,102678,11423,10,1083,-217,-95,781,-312
28/10/2020,2211,90157,8438,2716,103522,11154,16,1097,-305,36,844,-269
29/10/2020,2225,91235,7951,2824,104235,10775,14,1078,-487,108,713,-379
30/10/2020,2239,92312,7457,2839,104847,10296,14,1077,-494,15,612,-479
31/10/2020,2255,94434,6524,2384,105597,8908,16,2122,-933,-455,750,-1388
01/11/2020,2273,94819,6935,2178,106205,9113,18,385,411,-206,608,205
02/11/2020,2291,95876,7312,1750,107229,9062,18,1057,377,-428,1024,-51
03/11/2020,2300,96902,6844,1800,107846,8644,9,1026,-468,50,617,-418
04/11/2020,2315,97833,6665,1807,108620,8472,15,931,-179,7,774,-172
05/11/2020,2331,98806,6260,2014,109411,8274,16,973,-405,207,791,-198
06/11/2020,2348,99830,6050,1855,110083,7905,17,1024,-210,-159,672,-369
07/11/2020,2359,100816,6159,1867,111201,8026,11,986,109,12,1118,121
08/11/2020,2366,101791,6338,1532,112027,7870,7,975,179,-335,826,-156
09/11/2020,2377,102844,6050,1472,112743,7522,11,1053,-288,-60,716,-348
10/11/2020,2391,104144,5724,1497,113756,7221,14,1300,-326,25,1013,-301
11/11/2020,2403,105117,5161,1662,114343,6823,12,973,-563,165,587,-398
12/11/2020,2414,106189,4878,1693,115174,6571,11,1072,-283,31,831,-252
13/11/2020,2428,107147,5028,1604,116207,6632,14,958,150,-89,1033,61
14/11/2020,2441,108209,4710,2102,117462,6812,13,1062,-318,498,1255,180
15/11/2020,2448,109181,4952,2046,118627,6998,7,972,242,-56,1165,186
16/11/2020,2455,110221,4420,2537,119633,6957,7,1040,-532,491,1006,-41
17/11/2020,2459,111096,4355,2761,120671,7116,4,875,-65,224,1038,159
18/11/2020,2470,111948,4619,2781,121818,7400,11,852,264,20,1147,284
19/11/2020,2484,112833,4633,3053,123003,7686,14,885,14,272,1185,286
20/11/2020,2501,113739,4616,3387,124243,8003,17,906,-17,334,1240,317
21/11/2020,2515,114863,5323,3121,125822,8444,14,1124,707,-266,1579,441
22/11/2020,2531,115939,5529,3165,127164,8694,16,1076,206,44,1342,250
23/11/2020,2548,117003,5592,3030,128173,8622,17,1064,63,-135,1009,-72
24/11/2020,2567,118062,5518,3041,129188,8559,19,1059,-74,11,1015,-63
25/11/2020,2584,119099,6000,2778,130461,8778,17,1037,482,-263,1273,219
26/11/2020,2597,120287,5876,2765,131525,8641,13,1188,-124,-13,1064,-137
27/11/2020,2614,121082,6653,2612,132961,9265,17,795,777,-153,1436,624
28/11/2020,2632,122328,6921,2450,134331,9371,18,1246,268,-162,1370,106
29/11/2020,2652,123163,7608,2339,135762,9947,20,835,687,-111,1431,576
30/11/2020,2671,124078,7823,2289,136861,10112,19,915,215,-50,1099,165
01/12/2020,2689,125102,7937,2191,137919,10128,18,1024,114,-98,1058,16
02/12/2020,2710,126163,8202,2010,139085,10212,21,1061,265,-181,1166,84
03/12/2020,2734,127136,8155,2213,140238,10368,24,973,-47,203,1153,156
04/12/2020,2757,128051,8073,2389,141270,10462,23,915,-82,176,1032,94
05/12/2020,2779,129067,8623,2161,142630,10784,22,1016,550,-228,1360,322
06/12/2020,2799,130136,8819,2207,143961,11026,20,1069,196,46,1331,242
07/12/2020,2823,131071,9473,2060,145427,11533,24,935,654,-147,1466,507
08/12/2020,2842,132248,9650,1861,146601,11511,19,1177,177,-199,1174,-22
09/12/2020,2860,133318,9703,1957,147838,11660,18,1070,53,96,1237,149
10/12/2020,2880,134366,9391,2381,149018,11772,20,1048,-312,424,1180,112
11/12/2020,2902,135545,9078,2725,150250,11803,22,1179,-313,344,1232,31
12/12/2020,2922,136489,8822,2968,151201,11790,20,944,-256,243,951,-13
13/12/2020,2941,137605,8679,3274,152499,11953,19,1116,-143,306,1298,163
14/12/2020,2963,138988,8994,3120,154065,12114,22,1383,315,-154,1566,161
15/12/2020,2990,140225,8643,3264,155122,11907,27,1237,-351,144,1057,-207
16/12/2020,3010,141365,8263,3705,156343,11968,20,1140,-380,441,1221,61
17/12/2020,3027,142741,7851,4414,158033,12265,17,1376,-412,709,1690,297
18/12/2020,3048,143959,7673,4940,159620,12613,21,1218,-178,526,1587,348
19/12/2020,3068,145066,8112,5273,161519,13385,20,1107,439,333,1899,772
20/12/2020,3087,146958,8057,5009,163111,13066,19,1892,-55,-264,1592,-319
21/12/2020,3097,148308,8366,4806,164577,13172,10,1350,309,-203,1466,106
22/12/2020,3115,149691,8620,4462,165888,13082,18,1383,254,-344,1311,-90
23/12/2020,3130,151122,8643,4947,167842,13590,15,1431,23,485,1954,508
24/12/2020,3146,152491,8833,5305,169775,14138,16,1369,190,358,1933,548
25/12/2020,3167,154242,8720,5742,171871,14462,21,1751,-113,437,2096,324
26/12/2020,3182,156798,9439,4510,173929,13949,15,2556,719,-1232,2058,-513
27/12/2020,3204,158615,9655,4452,175926,14107,22,1817,216,-58,1997,158
28/12/2020,3226,159878,9919,4581,177604,14500,22,1263,264,129,1678,393
29/12/2020,3246,161337,10018,5059,179660,15077,20,1459,99,478,2056,577
30/12/2020,3266,162911,9882,5654,181713,15536,20,1574,-136,595,2053,459
31/12/2020,3287,164881,9746,5821,183735,15567,21,1970,-136,167,2022,31
01/01/2021,3308,166512,10082,5789,185691,15871,21,1631,336,-32,1956,304
02/01/2021,3334,168781,10872,4599,187586,15471,26,2269,790,-1190,1895,-400
03/01/2021,3345,170510,10978,4410,189243,15388,11,1729,106,-189,1657,-83
04/01/2021,3369,173036,10371,4299,191075,14670,24,2526,-607,-111,1832,-718
05/01/2021,3392,174131,10897,4479,192899,15376,23,1095,526,180,1824,706
06/01/2021,3410,175441,12196,4254,195301,16450,18,1310,1299,-225,2402,1074
07/01/2021,3435,176882,12781,4601,197699,17382,25,1441,585,347,2398,932
08/01/2021,3463,179562,13397,4236,200658,17633,28,2680,616,-365,2959,251
09/01/2021,3485,181613,13076,5237,203411,18313,22,2051,-321,1001,2753,680
10/01/2021,3517,184576,13166,4863,206122,18029,32,2963,90,-374,2711,-284
11/01/2021,3551,187086,13541,4405,208583,17946,34,2510,375,-458,2461,-83
12/01/2021,3589,188675,14591,4397,211252,18988,38,1589,1050,-8,2669,1042
13/01/2021,3634,191635,15009,4450,214728,19459,45,2960,418,53,3476,471
14/01/2021,3675,193719,15852,4647,217893,20499,41,2084,843,197,3165,1040
15/01/2021,3710,195924,15553,5247,220434,20800,35,2205,-299,600,2541,301
16/01/2021,3745,198136,17524,4565,223970,22089,35,2212,1971,-682,3536,1289
17/01/2021,3779,201907,16741,4938,227365,21679,34,3771,-783,373,3395,-410
18/01/2021,3815,204711,16419,4781,229726,21200,36,2804,-322,-157,2361,-479
19/01/2021,3836,209238,14604,4611,232289,19215,21,4527,-1815,-170,2563,-1985
20/01/2021,3868,210983,16389,4835,236075,21224,32,1745,1785,224,3786,2009
21/01/2021,3900,213570,16966,4790,239226,21756,32,2587,577,-45,3151,532
22/01/2021,3940,215719,17752,5607,243018,23359,40,2149,786,817,3792,1603
23/01/2021,3980,219287,18657,4379,246303,23036,40,3568,905,-1228,3285,-323
24/01/2021,4024,221567,19554,4670,249815,24224,44,2280,897,291,3512,1188
25/01/2021,4063,224071,19869,4263,252266,24132,39,2504,315,-407,2451,-92
26/01/2021,4108,227010,19432,4030,254580,23462,45,2939,-437,-233,2314,-670
27/01/2021,4134,229981,18528,3773,256416,22301,26,2971,-904,-257,1836,-1161
28/01/2021,4185,232701,18473,3946,259305,22419,51,2720,-55,173,2889,118
29/01/2021,4224,235140,19381,4008,262753,23389,39,2439,908,62,3448,970
30/01/2021,4254,238395,20539,3056,266244,23595,39,3255,1158,-952,3491,206
31/01/2021,4267,242069,19272,4110,269718,23382,13,3674,-1267,1054,3474,-213
01/02/2021,4337,244202,19824,4969,273332,24793,70,2133,552,859,3614,1411
02/02/2021,4379,248515,18925,4875,276694,23800,42,4313,-899,-94,3362,-993
03/02/2021,4420,249810,21863,4168,280261,26031,41,1295,2938,-707,3567,2231
04/02/2021,4461,254155,20419,4858,283893,25277,41,4345,-1444,690,3632,-754
05/02/2021,4502,256702,21191,4838,287233,26029,41,2547,772,-20,3340,752
06/02/2021,4541,261027,19325,4719,289612,24044,39,4325,-1866,-119,2379,-1985
07/02/2021,4587,265369,17958,5911,293825,23869,46,4342,-1367,1192,4213,-175
08/02/2021,4631,268785,17766,5787,296969,23553,44,3416,-192,-124,3144,-316
09/02/2021,4681,271573,18174,5978,300406,24152,50,2788,408,191,3437,599
10/02/2021,4725,274817,16676,7497,303715,24173,44,3244,-1498,1519,3309,21
11/02/2021,4748,278822,14119,8540,306229,22659,23,4005,-2557,1043,2514,-1514
12/02/2021,4798,284579,10774,9888,310039,20662,50,5757,-3345,1348,3810,-1997
13/02/2021,4850,289189,9644,9374,313057,19018,52,4610,-1130,-514,3018,-1644
14/02/2021,4895,293538,9017,8103,315553,17120,45,4349,-627,-1271,2496,-1898
15/02/2021,4940,295623,8881,7988,317432,16869,45,2085,-136,-115,1879,-251
16/02/2021,4987,297695,9042,7569,319293,16611,47,2072,161,-419,1861,-258
17/02/2021,5026,299795,8467,7450,320738,15917,39,2100,-575,-119,1445,-694
18/02/2021,5044,302451,7067,6549,321111,13616,18,2656,-1400,-901,373,-2301
19/02/2021,5081,304995,7323,5632,323031,12955,37,2544,256,-917,1920,-661
20/02/2021,5121,307759,7165,5858,325903,13023,40,2764,-158,226,2872,68
21/02/2021,5172,310412,7137,5902,328623,13039,51,2653,-28,44,2720,16
22/02/2021,5206,312748,7528,5612,331094,13140,34,2336,391,-290,2471,101
23/02/2021,5248,314563,7126,4939,331876,12065,42,1815,-402,-673,782,-1075
24/02/2021,5301,317003,6008,4346,332658,10354,53,2440,-1118,-593,782,-1711
25/02/2021,5346,319326,5499,4068,334239,9567,45,2323,-509,-278,1581,-787
26/02/2021,5385,321038,5560,3917,335900,9477,39,1712,61,-151,1661,-90
27/02/2021,5439,322285,5885,4028,337637,9913,54,1247,325,111,1737,436
28/02/2021,5478,323892,5940,4425,339735,10365,39,1607,55,397,2098,452
01/03/2021,5528,326509,5891,3865,341793,9756,50,2617,-49,-560,2058,-609
02/03/2021,5568,328526,5072,3205,342371,8277,40,2017,-819,-660,578,-1479
03/03/2021,5613,331016,3742,3437,343808,7179,45,2490,-1330,232,1437,-1098
04/03/2021,5657,332758,3940,3461,345816,7401,44,1742,198,24,2008,222
05/03/2021,5702,334100,4026,3147,346975,7173,45,1342,86,-314,1159,-228
06/03/2021,5748,335617,4228,2998,348591,7226,46,1517,202,-149,1616,53
07/03/2021,5790,337426,4194,3015,350425,7209,42,1809,-34,17,1834,-17
08/03/2021,5838,338931,4494,2945,352208,7439,48,1505,300,-70,1783,230
09/03/2021,5883,340587,3856,2749,353075,6605,45,1656,-638,-196,867,-834
10/03/2021,5923,341398,3691,3103,354115,6794,40,811,-165,354,1040,189
11/03/2021,5943,342306,4253,3367,355869,7620,20,908,562,264,1754,826
12/03/2021,5969,343351,4670,3752,357742,8422,26,1045,417,385,1873,802
13/03/2021,5991,345202,4226,3357,358776,7583,22,1851,-444,-395,1034,-839
14/03/2021,6026,347210,3443,3301,359980,6744,35,2008,-783,-56,1204,-839
15/03/2021,6038,349002,3485,3010,361535,6495,12,1792,42,-291,1555,-249
16/03/2021,6062,350561,2996,2751,362370,5747,24,1559,-489,-259,835,-748
17/03/2021,6077,351680,2907,3036,363700,5943,15,1119,-89,285,1330,196
18/03/2021,6100,352827,3273,3219,365419,6492,23,1147,366,183,1719,549
19/03/2021,6120,354036,3483,3368,367007,6851,20,1209,210,149,1588,359
20/03/2021,6143,355221,3894,3686,368944,7580,23,1185,411,318,1937,729
21/03/2021,6160,357100,3859,3463,370582,7322,17,1879,-35,-223,1638,-258
22/03/2021,6179,358826,3775,3276,372056,7051,19,1726,-84,-187,1474,-271
23/03/2021,6206,360479,3107,3079,372871,6186,27,1653,-668,-197,815,-865
24/03/2021,6224,362248,2650,2639,373761,5289,18,1769,-457,-440,890,-897
25/03/2021,6241,362975,3222,3049,375487,6271,17,727,572,410,1726,982
26/03/2021,6260,363599,3629,3380,376868,7009,19,624,407,331,1381,738
27/03/2021,6281,364251,3932,3758,378222,7690,21,652,303,378,1354,681
28/03/2021,6304,365592,3966,3830,379692,7796,23,1341,34,72,1470,106
29/03/2021,6324,366615,4034,3733,380706,7767,20,1023,68,-97,1014,-29
30/03/2021,6327,367819,3419,3525,381090,6944,3,1204,-615,-208,384,-823
31/03/2021,6341,369007,3028,3679,382055,6707,14,1188,-391,154,965,-237
01/04/2021,6344,369929,3447,3672,383392,7119,3,922,419,-7,1337,412
02/04/2021,6351,371254,3433,3594,384632,7027,7,1325,-14,-78,1240,-92
03/04/2021,6356,372494,3317,3563,385730,6880,5,1240,-116,-31,1098,-147
04/04/2021,6360,373565,3149,3392,386466,6541,4,1071,-168,-171,736,-339
05/04/2021,6372,374542,2771,3304,386989,6075,12,977,-378,-88,523,-466
06/04/2021,6379,375080,2705,3312,387476,6017,7,538,-66,8,487,-58
07/04/2021,6391,375651,2814,3482,388338,6296,12,571,109,170,862,279
08/04/2021,6410,376270,3244,3653,389577,6897,19,619,430,171,1239,601
09/04/2021,6424,376959,3506,3701,390590,7207,14,689,262,48,1013,310
10/04/2021,6435,377797,3716,3619,391567,7335,11,838,210,-82,977,128
11/04/2021,6450,379210,3617,3321,392598,6938,15,1413,-99,-298,1031,-397
12/04/2021,6459,380560,3324,2947,393290,6271,9,1350,-293,-374,692,-667
13/04/2021,6482,381449,3326,2861,394118,6187,23,889,2,-86,828,-84
14/04/2021,6489,382091,3338,2861,394779,6199,7,642,12,0,661,12
15/04/2021,6504,382617,3921,3067,396109,6988,15,526,583,206,1330,789
16/04/2021,6513,383655,3607,3313,397088,6920,9,1038,-314,246,979,-68
17/04/2021,6520,384652,3512,3441,398125,6953,7,997,-95,128,1037,33
18/04/2021,6536,385615,3313,3611,399075,6924,16,963,-199,170,950,-29
19/04/2021,6558,386606,3218,3666,400048,6884,22,991,-95,55,973,-40
20/04/2021,6569,387507,2945,3487,400508,6432,11,901,-273,-179,460,-452
21/04/2021,6587,388083,2954,3486,401110,6440,18,576,9,-1,602,8
22/04/2021,6596,388735,3497,3548,402376,7045,9,652,543,62,1266,605
23/04/2021,6612,389445,3584,3619,403260,7203,16,710,87,71,884,158
24/04/2021,6623,390334,3563,3647,404167,7210,11,889,-21,28,907,7
25/04/2021,6645,391301,3399,3718,405063,7117,22,967,-164,71,896,-93
26/04/2021,6660,392595,3152,3405,405812,6557,15,1294,-247,-313,749,-560
27/04/2021,6679,393205,2999,3322,406205,6321,19,610,-153,-83,393,-236
28/04/2021,6690,393814,2950,3390,406844,6340,11,609,-49,68,639,19
29/04/2021,6710,394403,3308,3410,407831,6718,20,589,358,20,987,378
30/04/2021,6733,394939,3421,3527,408620,6948,23,536,113,117,789,230
01/05/2021,6747,395644,3533,3622,409546,7155,14,705,112,95,926,207
02/05/2021,6767,396594,3450,3589,410400,7039,20,950,-83,-33,854,-116
03/05/2021,6788,397349,3483,3537,411157,7020,21,755,33,-52,757,-19
04/05/2021,6807,397955,3247,3564,411573,6811,19,606,-236,27,416,-209
05/05/2021,6830,398610,3240,3738,412418,6978,23,655,-7,174,845,167
06/05/2021,6850,399224,3406,3843,413323,7249,20,614,166,105,905,271
07/05/2021,6872,399821,3485,3928,414106,7413,22,597,79,85,783,164
08/05/2021,6896,400403,3569,3970,414838,7539,24,582,84,42,732,126
09/05/2021,6911,401114,3648,3974,415647,7622,15,711,79,4,809,83
10/05/2021,6933,401744,3723,3941,416341,7664,22,630,75,-33,694,42
11/05/2021,6952,402374,3490,3931,416747,7421,19,630,-233,-10,406,-243
12/05/2021,6973,403039,3402,3989,417403,7391,21,665,-88,58,656,-30
13/05/2021,6973,403630,3630,3955,418188,7585,0,591,228,-34,785,194
14/05/2021,7003,404187,3502,4128,418820,7630,30,557,-128,173,632,45
15/05/2021,7066,404715,3288,3978,419047,7266,63,528,-214,-150,227,-364
16/05/2021,7082,404980,3189,3957,419208,7146,16,265,-99,-21,161,-120
17/05/2021,7107,405229,3158,4135,419629,7293,25,249,-31,178,421,147
18/05/2021,7130,405357,3248,4185,419920,7433,23,128,90,50,291,140
19/05/2021,7149,405535,3366,4409,420459,7775,19,178,118,224,539,342
20/05/2021,7169,405714,3797,4674,421354,8471,20,179,431,265,895,696
21/05/2021,7184,405918,4142,4966,422210,9108,15,204,345,292,856,637
22/05/2021,7196,406300,4386,5260,423142,9646,12,382,244,294,932,538
23/05/2021,7207,406669,4744,5389,424009,10133,11,369,358,129,867,487
24/05/2021,7225,406987,5079,5537,424828,10616,18,318,335,148,819,483
25/05/2021,7239,407493,5017,5463,425212,10480,14,506,-62,-74,384,-136
26/05/2021,7250,408019,4993,5567,425829,10560,11,526,-24,104,617,80
27/05/2021,7271,408585,5280,5633,426769,10913,21,566,287,66,940,353
28/05/2021,7288,409497,5161,5516,427462,10677,17,912,-119,-117,693,-236
05/29/2021,7296,410508,5004,5461,428269,10465,8,1011,-157,-55,807,-212
05/30/2021,7309,411495,5100,5429,429333,10529,13,987,96,-32,1064,64
05/31/2021,7327,412074,5241,5417,430059,10658,18,579,141,-12,726,129
06/01/2021,7349,412593,5214,5422,430578,10636,22,519,-27,5,519,-22
06/02/2021,7361,413179,5178,5461,431179,10639,12,586,-36,39,601,3
06/03/2021,7381,413680,5402,5430,431893,10832,20,501,224,-31,714,193
06/04/2021,7402,414496,5414,5487,432799,10901,21,816,12,57,906,69
06/05/2021,7423,415317,5756,5620,434116,11376,21,821,342,133,1317,475
06/06/2021,7438,416181,5966,5550,435135,11516,15,864,210,-70,1019,140
06/07/2021,7457,416994,6261,5620,436332,11881,19,813,295,70,1197,365
06/08/2021,7478,417997,6057,5555,437087,11612,21,1003,-204,-65,755,-269
06/09/2021,7499,419109,6120,5730,438458,11850,21,1112,63,175,1371,238
06/10/2021,7523,420211,6991,5829,440554,12820,24,1102,871,99,2096,970
06/11/2021,7543,421396,7750,6158,442847,13908,20,1185,759,329,2293,1088
06/12/2021,7557,422121,8855,6769,445302,15624,14,725,1105,611,2455,1716
06/13/2021,7571,423056,10034,7410,448071,17444,14,935,1179,641,2769,1820
06/14/2021,7609,424088,11240,7856,450793,19096,38,1032,1206,446,2722,1652
06/15/2021,7634,425417,11102,8142,452295,19244,25,1329,-138,286,1502,148
06/16/2021,7665,426695,11555,8756,454671,20311,31,1278,453,614,2376,1067
06/17/2021,7713,428764,13054,9284,458815,22338,48,2069,1499,528,4144,2027
06/18/2021,7777,431264,14951,9560,463552,24511,64,2500,1897,276,4737,2173
06/19/2021,7836,433499,16787,10325,468447,27112,59,2235,1836,765,4895,2601
06/20/2021,7905,435982,19105,11037,474029,30142,69,2483,2318,712,5582,3030
06/21/2021,7976,439007,20717,11343,479043,32060,71,3025,1612,306,5014,1918
06/22/2021,8014,442059,21167,11024,482264,32191,38,3052,450,-319,3221,131
06/23/2021,8057,443195,22868,12837,486957,35705,43,1136,1701,1813,4693,3514
06/24/2021,8107,445718,26403,14234,494462,40637,50,2523,3535,1397,7505,4932
06/25/2021,8177,448288,29325,15606,501396,44931,70,2570,2922,1372,6934,4294
06/26/2021,8220,451013,33829,17605,510667,51434,43,2725,4504,1999,9271,6503
06/27/2021,8269,454497,38464,18831,520061,57295,49,3484,4635,1226,9394,5861
06/28/2021,8348,457935,42252,19874,528409,62126,79,3438,3788,1043,8348,4831
